// Reference=MNI
// aylward2005
// Subjects=11
47.120	-45.939	-11.908
-41.479	-69.648	-7.787
42.921	-61.654	-8.312
39.891	-69.734	11.359
-51.179	-20.037	1.546
8.887	18.900	45.544

// corbett2009
// Subjects=15
36.000	-56.000	19.000
19.000	-8.000	-5.000
-30.000	-78.000	-20.000
23.000	-86.000	-20.000

// dekker2014old
// Subjects=10
-28.000	-82.000	14.000
50.000	-60.000	-8.000
24.000	-68.000	56.000
-48.000	-64.000	-12.000
-38.000	26.000	18.000
-26.000	-52.000	-14.000
-44.000	6.000	28.000
18.000	-94.000	8.000
46.000	-76.000	-2.000
-20.000	-88.000	10.000

// dekker2014yng
// Subjects=11
-36.000	-52.000	52.000
30.000	-78.000	16.000
-48.000	-64.000	-8.000
52.000	-60.000	-18.000
-50.000	6.000	26.000
-24.000	-12.000	50.000
18.000	-94.000	6.000

// kersey2016
// Subjects=29
22.455	-75.549	-34.791
-20.273	55.080	20.541
-5.431	66.031	9.416
-20.800	-16.203	62.212
19.274	62.004	23.967
7.380	67.079	8.065
65.244	4.267	2.631
57.633	34.716	-2.065
3.258	65.338	27.217
-48.227	-9.470	-27.254
-54.669	-13.109	-32.451
-28.880	-30.160	-21.280
-32.146	-16.519	-23.502
34.054	-15.579	-31.032
-19.755	-90.041	29.360
18.620	-87.495	17.554
-48.906	-72.436	-1.892
35.418	-50.954	-6.893
-44.214	-37.321	66.482
26.300	-44.729	60.717
-57.373	-21.106	29.587
37.435	-2.758	-3.151
-44.693	-19.227	11.441
-40.844	4.950	-34.124
-41.504	-21.580	8.256
-48.177	-2.355	-17.814
-48.315	9.392	-31.065
66.405	-9.045	9.310
64.049	12.835	-10.341
70.568	-13.476	-7.094

// libertus2009
// Subjects=15
41.000	-53.000	-21.000
15.000	-101.000	-7.000
23.000	-98.000	-14.000
-26.000	-86.000	-14.000
-19.000	-90.000	-14.000
-19.000	-98.000	-7.000
4.000	41.000	-7.000
4.000	19.000	-7.000
-4.000	45.000	0.000
-45.000	-53.000	-28.000
-41.000	-49.000	-21.000
8.000	-56.000	21.000

// liebig2017
// Subjects=41
26.000	-96.000	-4.000
38.000	-92.000	-6.000
-27.000	-98.000	-8.000
-33.000	-90.000	-8.000
-42.000	-52.000	-18.000
-51.000	-38.000	6.000
-30.000	-62.000	42.000
-39.000	6.000	30.000
-51.000	30.000	18.000
-51.000	22.000	28.000
-4.000	20.000	52.000
33.000	22.000	-4.000
36.000	32.000	-6.000
9.000	-82.000	-26.000
-8.000	-81.000	-27.000

// monzalvo2012
// Subjects=23
30.000	-45.000	-9.000
30.000	-63.000	-6.000
33.000	-81.000	9.000
-27.000	-48.000	-9.000
-27.000	-90.000	9.000
-24.000	-84.000	-9.000
39.000	-51.000	-15.000
42.000	-81.000	-9.000
-39.000	-60.000	-15.000
-39.000	-84.000	-3.000

// okamoto2017
// Subjects=12
-50.000	-68.000	0.000
54.000	-74.000	0.000
-48.000	-24.000	36.000
32.000	-48.000	58.000
42.000	-52.000	-18.000
4.000	-56.000	28.000
42.000	20.000	-32.000
-22.000	-8.000	-14.000
18.000	-6.000	-12.000
40.000	-72.000	38.000

// passarotti2003
// Subjects=12
41.703	-42.341	-19.954
-41.648	-42.840	-18.955
63.141	-41.528	-11.347
-61.133	42.322	-16.952
54.578	-56.010	-18.956
-54.408	-59.836	-17.383
-60.832	-6.177	2.725
-41.620	-20.579	-6.325
0.307	-23.217	24.641
32.553	-32.057	45.085
-24.016	-29.511	55.558
-2.913	46.922	51.136
-40.155	8.802	56.991
6.189	19.663	-26.977
65.276	25.471	15.350

// scherf2007adol
// Subjects=10
42.758	-50.165	-24.886
49.466	-76.706	2.912
65.463	-49.490	9.368
59.735	-4.080	-22.255
12.229	-58.756	31.945
-40.171	-71.558	22.468
-49.279	18.158	-13.946
42.580	27.082	-16.865
6.571	62.069	39.720
-4.847	1.783	59.405
-4.546	48.749	-21.486
46.408	-3.796	51.478
23.973	3.814	55.558
29.503	-64.514	52.303
-9.998	-65.465	57.297
31.378	-81.502	11.329
-27.281	-87.257	24.752
49.317	-57.386	-8.743
-46.813	-62.993	-3.823
20.608	-91.225	-3.345
-12.503	-93.453	-1.663
28.987	-41.304	-5.398
-25.455	-49.833	-0.711
-21.704	-71.623	61.294
35.900	-49.243	56.525
-13.407	-98.347	17.716
-56.219	-32.302	36.089
44.002	-62.620	-7.128
-42.534	-59.623	-1.925
13.129	-84.668	-0.464
24.728	-77.424	-17.932
-27.601	-77.395	-12.873
36.707	-91.501	5.415
-34.970	-1.595	32.154

// scherf2007child
// Subjects=10
46.072	-72.094	-19.740
-15.131	60.715	-3.410
16.669	-80.079	44.834
-13.160	-74.916	59.241
7.859	-40.005	27.077
32.621	-75.296	36.443
-22.011	-81.394	17.509
23.814	-89.005	-2.453
-22.119	-89.109	0.314
15.261	-90.200	-3.370
-18.894	-98.778	-1.143
21.352	-31.974	-21.705
-28.682	-55.568	-5.769
32.682	-50.491	54.436
-20.774	-57.670	48.961
-22.869	-82.517	44.378
34.647	-70.939	23.787
20.644	-98.541	-1.617
-22.928	-87.517	34.761
-8.279	-102.743	-12.084
45.077	-75.731	-11.617
-41.569	-63.989	-17.182
24.626	-41.129	-16.514
-21.248	-84.557	-23.497

// scherf2010
// Subjects=10
43.795	-43.900	-26.539
-40.552	-54.637	-20.209
54.824	-62.242	10.559
60.148	-50.322	12.844
53.768	-58.820	13.630
-66.183	-31.557	-8.467
-43.074	20.456	-39.860
-40.046	-59.271	43.741
0.015	63.833	21.805
-5.533	45.198	-12.255
9.894	51.228	50.628
23.844	26.648	48.068
6.591	61.183	42.025
1.377	42.718	51.440
34.049	63.467	0.255
-15.676	35.385	54.481
-17.940	41.746	40.591
-1.242	68.457	-0.873
36.611	7.464	32.803
-46.611	11.593	52.371
-50.367	30.040	-11.584
-35.304	-79.752	-42.697
28.962	-43.762	-9.652
-24.456	-47.254	-8.746
18.451	-88.151	-4.693
-3.945	-91.115	0.273
33.611	-77.204	25.440
-21.958	-84.138	23.314
23.194	-64.582	65.763
-7.807	-65.996	64.008
67.597	-12.154	24.055
63.240	10.026	22.245
-32.001	15.744	8.362
-40.596	34.983	10.193
45.041	-64.013	-11.484
-42.531	-69.483	-5.559
25.802	-65.272	-12.273
-24.418	-66.630	-11.582
8.879	-84.437	2.911
34.579	-82.626	10.271
-22.037	-88.253	11.393
38.055	-44.658	60.576
-30.328	-51.584	59.712
-57.270	-27.737	40.179
64.420	-15.174	26.575
-46.713	-30.101	22.412
-45.919	34.065	12.561


// nullstudy1
// Subjects=12
16.000	64.000	-18.000
16.000	46.000	0.000
-20.000	-54.000	6.000
-32.000	14.000	48.000
-44.000	-8.000	28.000
26.000	-16.000	-8.000
-62.000	-32.000	42.000
-16.000	56.000	-20.000
-54.000	-34.000	-10.000
44.000	-38.000	-4.000
22.000	26.000	52.000
-28.000	4.000	-20.000
34.000	62.000	-2.000
4.000	26.000	32.000
-20.000	38.000	-16.000
14.000	36.000	8.000
52.000	22.000	18.000
36.000	12.000	-32.000
66.000	-36.000	38.000
62.000	-34.000	-14.000
38.000	-80.000	-36.000
44.000	56.000	-10.000
-36.000	4.000	6.000
-40.000	-56.000	38.000

// nullstudy2
// Subjects=10
0.000	-76.000	30.000
32.000	-52.000	-56.000
28.000	-36.000	6.000
-12.000	-14.000	14.000
40.000	26.000	50.000
-10.000	32.000	56.000
18.000	-76.000	40.000
32.000	30.000	-4.000
54.000	-4.000	6.000
-14.000	-4.000	-6.000
26.000	0.000	16.000
-16.000	-60.000	54.000
16.000	-22.000	76.000
56.000	-6.000	50.000
-54.000	-44.000	18.000
-16.000	-38.000	-28.000
-22.000	-92.000	18.000
-44.000	-6.000	-42.000
-24.000	60.000	28.000
22.000	-86.000	28.000
28.000	-8.000	-36.000
-28.000	10.000	-32.000
14.000	0.000	58.000
10.000	-26.000	58.000

// nullstudy3
// Subjects=10
26.000	-54.000	-36.000
44.000	-78.000	-16.000
-20.000	14.000	42.000
34.000	44.000	-2.000
0.000	-72.000	30.000
-6.000	66.000	-4.000
24.000	-26.000	42.000
6.000	-66.000	48.000
46.000	44.000	-2.000
52.000	-34.000	8.000
-22.000	-52.000	-4.000
26.000	-16.000	-4.000
8.000	-14.000	70.000
30.000	14.000	-22.000
-18.000	-16.000	12.000
10.000	-22.000	-22.000
-44.000	22.000	-34.000
-54.000	-18.000	6.000
-30.000	-62.000	-38.000
-50.000	-68.000	32.000
68.000	-24.000	24.000
40.000	-40.000	38.000
-54.000	-20.000	-28.000
-34.000	-36.000	48.000
-26.000	40.000	6.000
0.000	-58.000	-58.000
-18.000	62.000	-12.000
-56.000	-10.000	6.000
34.000	-56.000	60.000
32.000	44.000	40.000
-52.000	14.000	4.000
20.000	-64.000	-36.000
-10.000	-26.000	10.000
8.000	-6.000	70.000

// nullstudy4
// Subjects=29
28.000	-20.000	66.000
-50.000	-50.000	-36.000
2.000	-10.000	12.000
4.000	-46.000	30.000
-42.000	-56.000	-56.000
-36.000	0.000	-30.000
-10.000	-44.000	-8.000
-6.000	0.000	34.000
36.000	-78.000	0.000
46.000	-30.000	30.000
-2.000	10.000	26.000
36.000	54.000	2.000
8.000	-62.000	56.000
56.000	2.000	-38.000
-36.000	-44.000	18.000
36.000	8.000	18.000
-18.000	-64.000	42.000
-20.000	-60.000	-54.000
-20.000	54.000	40.000
28.000	16.000	36.000
8.000	-62.000	4.000
28.000	0.000	2.000
-40.000	20.000	-8.000
34.000	-64.000	42.000
34.000	64.000	-10.000
44.000	-76.000	28.000
-28.000	-44.000	12.000
-14.000	-16.000	34.000
44.000	-38.000	32.000
22.000	60.000	28.000

// nullstudy5
// Subjects=10
28.000	30.000	48.000
-16.000	-2.000	66.000
62.000	-14.000	26.000
-52.000	-28.000	-22.000
38.000	-68.000	16.000
18.000	66.000	12.000
44.000	-76.000	34.000
56.000	-64.000	-8.000
38.000	-50.000	28.000
-40.000	-64.000	-48.000
44.000	-22.000	34.000
26.000	-44.000	8.000

// nullstudy6
// Subjects=12
32.000	-18.000	-6.000
-42.000	-44.000	-22.000
-30.000	22.000	0.000
-38.000	2.000	34.000
-22.000	-36.000	-26.000
28.000	-12.000	70.000
4.000	-30.000	76.000
-44.000	-64.000	46.000
-16.000	2.000	0.000
-34.000	-44.000	14.000
-6.000	-12.000	32.000
-26.000	2.000	32.000
-18.000	-40.000	-30.000
-22.000	-44.000	10.000
36.000	-70.000	-14.000

// nullstudy7
// Subjects=41
2.000	16.000	26.000
-40.000	-38.000	56.000
-8.000	-34.000	52.000
-24.000	-74.000	-18.000
-8.000	2.000	52.000
36.000	-22.000	68.000
4.000	-76.000	-32.000
-24.000	-46.000	-6.000
-28.000	-16.000	-4.000
-40.000	54.000	-4.000
-42.000	12.000	54.000
50.000	22.000	2.000
-64.000	-24.000	2.000
2.000	10.000	-8.000
-10.000	40.000	-20.000
16.000	8.000	46.000
24.000	32.000	14.000
50.000	-16.000	38.000
-34.000	42.000	26.000
-26.000	-2.000	58.000
-36.000	-94.000	4.000
40.000	10.000	-22.000
-28.000	-80.000	-22.000
-54.000	-48.000	52.000
-62.000	-30.000	20.000
24.000	-84.000	-32.000
-14.000	-62.000	34.000
26.000	-38.000	68.000
8.000	8.000	56.000
12.000	58.000	0.000
-60.000	-44.000	40.000
-28.000	-16.000	-20.000
-8.000	28.000	-4.000
-38.000	-40.000	-42.000
4.000	-32.000	-54.000
54.000	-56.000	-22.000
-10.000	-86.000	-2.000
-34.000	-24.000	2.000
30.000	-36.000	-30.000
-44.000	-64.000	56.000
-36.000	-78.000	-14.000
-12.000	-58.000	44.000
-10.000	-98.000	12.000
-6.000	2.000	-4.000
22.000	52.000	38.000
20.000	0.000	-26.000
-14.000	-66.000	-12.000

// nullstudy8
// Subjects=10
24.000	50.000	-18.000
60.000	-18.000	2.000
-6.000	-48.000	36.000
-6.000	68.000	10.000
-28.000	0.000	-18.000
-36.000	62.000	-8.000
56.000	-22.000	-14.000
46.000	20.000	-32.000
-14.000	-44.000	-32.000
12.000	46.000	-2.000
-26.000	58.000	26.000
52.000	14.000	-38.000
6.000	0.000	-18.000
32.000	16.000	-28.000
6.000	-80.000	48.000
-26.000	-62.000	48.000
-4.000	14.000	24.000
-40.000	-56.000	32.000
-48.000	-8.000	50.000
-14.000	46.000	-24.000
36.000	20.000	-26.000
-8.000	-54.000	-42.000
34.000	-78.000	16.000
6.000	-4.000	10.000
56.000	6.000	38.000
22.000	40.000	-6.000
18.000	22.000	62.000
20.000	-72.000	54.000
24.000	-52.000	0.000
-4.000	-80.000	14.000
-28.000	24.000	12.000
-54.000	-48.000	-16.000
12.000	-16.000	58.000
14.000	-4.000	-34.000

// nullstudy9
// Subjects=23
-46.000	10.000	-4.000
-44.000	-10.000	26.000
30.000	-58.000	12.000
2.000	-10.000	56.000
-26.000	10.000	-44.000
-8.000	-38.000	-42.000
-22.000	-36.000	-44.000
-2.000	-50.000	60.000
8.000	-8.000	-38.000
34.000	24.000	-18.000
-10.000	-88.000	42.000
-38.000	16.000	30.000
0.000	-30.000	66.000
-56.000	8.000	-4.000
-18.000	42.000	28.000
30.000	36.000	46.000
-34.000	-10.000	66.000
-4.000	-6.000	-36.000
38.000	-56.000	-16.000
-40.000	-10.000	60.000
22.000	-60.000	62.000
-40.000	-70.000	-10.000
30.000	42.000	32.000
20.000	26.000	-6.000

// nullstudy10
// Subjects=29
-28.000	-30.000	46.000
66.000	-6.000	-6.000
8.000	-94.000	12.000
-16.000	68.000	8.000
-56.000	-18.000	48.000
-58.000	-18.000	4.000
36.000	-86.000	10.000
-26.000	2.000	28.000
18.000	64.000	-2.000
34.000	-40.000	58.000
-46.000	-64.000	-46.000
36.000	-20.000	-32.000
-16.000	-76.000	50.000
44.000	-74.000	-14.000
-26.000	-4.000	50.000
30.000	-66.000	-40.000
6.000	22.000	34.000
16.000	-98.000	8.000
56.000	-50.000	42.000
-26.000	-38.000	-38.000
34.000	30.000	-2.000
-48.000	-18.000	56.000
20.000	-38.000	-30.000
6.000	-44.000	-46.000
44.000	-70.000	-6.000
-6.000	-90.000	36.000
24.000	32.000	34.000
4.000	-52.000	-36.000
-16.000	-42.000	74.000
22.000	-90.000	-28.000
40.000	10.000	0.000
34.000	40.000	0.000
-12.000	-68.000	42.000
-8.000	-62.000	-34.000

// nullstudy11
// Subjects=10
-26.000	-30.000	0.000
16.000	-60.000	44.000
38.000	-30.000	-14.000
14.000	-60.000	-26.000
-64.000	-50.000	-10.000
4.000	-40.000	52.000
6.000	-72.000	52.000
-46.000	-42.000	12.000
52.000	-10.000	-8.000
10.000	-96.000	0.000

// nullstudy12
// Subjects=15
-10.000	-48.000	40.000
0.000	52.000	14.000
-36.000	36.000	26.000
-10.000	-78.000	-40.000
20.000	-4.000	20.000
-34.000	-52.000	66.000
20.000	4.000	-36.000
-12.000	38.000	12.000
2.000	-68.000	-30.000
46.000	-66.000	44.000

// nullstudy13
// Subjects=29
36.000	20.000	-32.000
-4.000	-78.000	-36.000
40.000	28.000	-22.000
-56.000	-20.000	46.000

// nullstudy14
// Subjects=15
-58.000	-4.000	8.000
50.000	-2.000	20.000
-8.000	10.000	20.000
30.000	-62.000	46.000
-26.000	-66.000	-52.000
26.000	-58.000	-48.000
-18.000	-8.000	36.000
46.000	-56.000	42.000
-20.000	40.000	24.000
-44.000	-52.000	-34.000
60.000	-50.000	18.000
-20.000	-56.000	36.000
-60.000	-32.000	18.000
44.000	-68.000	-50.000
-32.000	-2.000	54.000
-2.000	-16.000	12.000
40.000	-76.000	-22.000
-56.000	-16.000	44.000
26.000	-54.000	-2.000
40.000	-16.000	42.000
16.000	-78.000	-6.000
-22.000	-48.000	-22.000
-42.000	-54.000	32.000
28.000	-74.000	-32.000

// nullstudy15
// Subjects=15
22.000	-14.000	2.000
6.000	14.000	66.000
-42.000	-48.000	46.000
64.000	-36.000	46.000
-10.000	-38.000	-8.000
42.000	-58.000	-40.000

// nullstudy16
// Subjects=41
-14.000	-24.000	12.000
12.000	-54.000	46.000
-50.000	-28.000	34.000
-34.000	-44.000	-24.000

// nullstudy17
// Subjects=10
-12.000	-50.000	42.000
-28.000	-28.000	6.000
14.000	4.000	-26.000
-30.000	-66.000	34.000
58.000	0.000	-30.000
2.000	-40.000	28.000
-40.000	48.000	12.000
6.000	-28.000	76.000
22.000	-16.000	74.000
56.000	-38.000	2.000
-10.000	-18.000	52.000
-64.000	-38.000	28.000
40.000	-50.000	-52.000
-52.000	-52.000	-22.000
-18.000	-52.000	-8.000
-22.000	-58.000	10.000
8.000	-102.000	10.000
16.000	-42.000	60.000
-34.000	-66.000	-2.000
54.000	-8.000	-36.000
-12.000	50.000	-10.000
-4.000	-68.000	48.000
10.000	6.000	-12.000
22.000	10.000	40.000
-10.000	60.000	28.000
42.000	-32.000	26.000
-36.000	60.000	2.000
-48.000	-10.000	-38.000
46.000	-64.000	-40.000
-2.000	36.000	-24.000
12.000	-40.000	64.000
-16.000	66.000	6.000
8.000	56.000	28.000
-2.000	6.000	50.000

// nullstudy18
// Subjects=10
10.000	-48.000	-56.000
-16.000	22.000	54.000
-58.000	-44.000	32.000
60.000	22.000	22.000
14.000	-70.000	-46.000
22.000	-72.000	-18.000
-42.000	-52.000	-12.000
60.000	-44.000	16.000
-52.000	-2.000	-4.000
24.000	-84.000	18.000
-12.000	-34.000	68.000
18.000	52.000	0.000
-18.000	-54.000	8.000
-6.000	-60.000	44.000
-4.000	-82.000	-24.000
-4.000	68.000	-2.000
-6.000	2.000	72.000
-32.000	-84.000	-10.000
30.000	-62.000	14.000
24.000	-90.000	-6.000
20.000	-30.000	66.000
-14.000	-76.000	-44.000
-34.000	-18.000	18.000
30.000	8.000	54.000
-24.000	-58.000	-34.000
4.000	10.000	36.000
-36.000	-84.000	26.000
-4.000	12.000	-10.000
-18.000	-52.000	-18.000
18.000	-2.000	4.000
-46.000	-80.000	10.000
-2.000	-48.000	8.000
62.000	-8.000	14.000
-62.000	2.000	-2.000
-54.000	-12.000	-6.000
-22.000	-50.000	66.000
6.000	0.000	-18.000
50.000	24.000	-18.000
16.000	-54.000	34.000
42.000	-38.000	50.000
24.000	60.000	24.000
32.000	-72.000	20.000
16.000	-58.000	72.000
50.000	-76.000	0.000
-48.000	4.000	-36.000
38.000	-56.000	22.000
-40.000	-60.000	-8.000

// nullstudy19
// Subjects=12
32.000	20.000	-16.000
48.000	-60.000	32.000
46.000	8.000	-30.000
22.000	30.000	0.000
-40.000	12.000	-8.000
-66.000	-34.000	38.000
-52.000	-44.000	-4.000
-30.000	-28.000	62.000
24.000	-36.000	58.000
-22.000	48.000	30.000

// nullstudy20
// Subjects=10
8.000	10.000	42.000
-30.000	-14.000	-20.000
26.000	14.000	-44.000
-34.000	6.000	-10.000
-16.000	-82.000	4.000
-30.000	-56.000	-30.000
-18.000	38.000	-10.000
-68.000	-30.000	-4.000
-24.000	-60.000	-44.000
-56.000	-38.000	28.000
-12.000	38.000	2.000
-8.000	-30.000	60.000
2.000	-30.000	-36.000
56.000	-6.000	-24.000
-8.000	12.000	-10.000
4.000	-34.000	52.000
58.000	-64.000	2.000
-6.000	20.000	-18.000
52.000	-24.000	54.000
58.000	-46.000	16.000
-22.000	-72.000	-46.000
14.000	2.000	-8.000
18.000	28.000	40.000
60.000	14.000	28.000

// nullstudy21
// Subjects=41
-30.000	14.000	26.000
2.000	-16.000	38.000
32.000	20.000	-4.000
-36.000	-72.000	-2.000
-28.000	52.000	-6.000
8.000	-102.000	0.000
-2.000	30.000	-18.000
4.000	10.000	22.000
-42.000	-4.000	46.000
48.000	-52.000	58.000
-24.000	-78.000	26.000
30.000	-50.000	60.000
-14.000	34.000	24.000
-48.000	-24.000	-2.000
-10.000	-18.000	36.000
34.000	28.000	14.000
10.000	-52.000	-26.000
-28.000	-12.000	-22.000
-8.000	-74.000	56.000
-36.000	-90.000	-18.000
-38.000	-8.000	-30.000
54.000	-52.000	18.000
-48.000	-60.000	-48.000
-34.000	-30.000	-2.000
28.000	-40.000	-16.000
40.000	-68.000	42.000
14.000	-10.000	20.000
-8.000	-66.000	-14.000
20.000	-24.000	64.000
-24.000	-52.000	-54.000
-2.000	32.000	-14.000
36.000	-18.000	-12.000
46.000	-40.000	4.000
50.000	2.000	34.000

// nullstudy22
// Subjects=23
-30.000	-64.000	-46.000
46.000	-2.000	48.000
36.000	-10.000	20.000
-22.000	52.000	16.000
8.000	-36.000	4.000
30.000	-8.000	6.000
4.000	62.000	-2.000
24.000	-68.000	20.000
56.000	-48.000	42.000
-40.000	-70.000	-46.000
64.000	0.000	24.000
-34.000	-4.000	42.000
-34.000	-8.000	-44.000
26.000	-58.000	56.000
-40.000	-2.000	-30.000
-4.000	-48.000	30.000
-60.000	-38.000	10.000
24.000	-30.000	-14.000
-44.000	32.000	2.000
-36.000	-2.000	-6.000
-18.000	34.000	28.000
-20.000	40.000	38.000
-60.000	-42.000	10.000
-14.000	-44.000	-52.000
-54.000	-40.000	52.000
-20.000	-66.000	38.000
64.000	-30.000	-12.000
24.000	-92.000	22.000
52.000	-56.000	36.000
28.000	4.000	4.000

// nullstudy23
// Subjects=15
-48.000	44.000	-10.000
38.000	2.000	-16.000
-22.000	-80.000	-2.000
-36.000	-28.000	38.000
20.000	-76.000	50.000
-44.000	-18.000	54.000
-14.000	-6.000	12.000

// nullstudy24
// Subjects=10
0.000	-32.000	40.000
-38.000	-50.000	8.000
-42.000	-62.000	-46.000
-50.000	38.000	4.000
14.000	-16.000	44.000
16.000	-38.000	14.000
16.000	0.000	-22.000
-38.000	8.000	38.000
-12.000	-58.000	-42.000
-6.000	-72.000	18.000
56.000	-40.000	2.000
4.000	-24.000	42.000

// nullstudy25
// Subjects=10
-50.000	2.000	-44.000
12.000	-16.000	56.000
-38.000	-18.000	36.000
-48.000	-20.000	-24.000
-40.000	46.000	26.000
20.000	-70.000	56.000
50.000	-22.000	-10.000
20.000	4.000	6.000
-6.000	-36.000	-6.000
-52.000	-36.000	28.000

// nullstudy26
// Subjects=12
44.000	-18.000	-4.000
-18.000	-60.000	70.000
-10.000	-84.000	-38.000
-28.000	-20.000	22.000
8.000	22.000	14.000
-40.000	-4.000	4.000

// nullstudy27
// Subjects=15
42.000	6.000	50.000
36.000	-60.000	42.000
-2.000	-82.000	-24.000
52.000	-48.000	26.000
-16.000	-18.000	-14.000
-26.000	2.000	-14.000
-26.000	-52.000	28.000
-42.000	44.000	-16.000
-50.000	-48.000	-38.000
-26.000	-74.000	20.000
-6.000	-44.000	32.000
18.000	-40.000	42.000
-18.000	-34.000	6.000
8.000	-56.000	34.000
4.000	42.000	10.000
46.000	-38.000	-20.000
-44.000	56.000	2.000
44.000	-50.000	-18.000
-46.000	-8.000	58.000
26.000	-48.000	12.000
30.000	-66.000	2.000
-6.000	42.000	22.000
40.000	-4.000	-2.000
44.000	-58.000	-46.000
-44.000	-50.000	34.000
-54.000	-58.000	30.000
-42.000	-90.000	8.000
-34.000	-84.000	4.000
38.000	-30.000	24.000
-32.000	44.000	-8.000

// nullstudy28
// Subjects=10
22.000	10.000	0.000
-48.000	-64.000	-20.000
-46.000	-78.000	-4.000
-26.000	-10.000	-18.000

// nullstudy29
// Subjects=11
24.000	44.000	-18.000
-26.000	-14.000	28.000
-26.000	16.000	22.000
-50.000	28.000	-2.000
-48.000	-32.000	24.000
0.000	66.000	0.000
6.000	30.000	54.000
38.000	36.000	12.000
-32.000	-54.000	-20.000
8.000	34.000	0.000
10.000	38.000	56.000
46.000	-50.000	-4.000
18.000	-24.000	-32.000
52.000	16.000	-30.000
34.000	-34.000	10.000
56.000	28.000	8.000
6.000	-82.000	-40.000
-46.000	-18.000	50.000
60.000	12.000	18.000
16.000	-78.000	10.000
-24.000	-58.000	-20.000
-12.000	2.000	8.000
-16.000	-42.000	-52.000
-32.000	0.000	54.000
4.000	4.000	60.000
56.000	-56.000	20.000
-16.000	-50.000	-50.000
22.000	-30.000	70.000
-6.000	54.000	-8.000
6.000	12.000	-26.000
-40.000	-84.000	16.000
-8.000	-78.000	-8.000
62.000	8.000	30.000
-38.000	-20.000	0.000
-10.000	-80.000	-10.000
8.000	-2.000	28.000
-16.000	-52.000	-26.000
58.000	-44.000	22.000
58.000	24.000	12.000
0.000	-6.000	22.000
-28.000	30.000	-12.000
-56.000	-40.000	42.000
8.000	-58.000	-62.000
30.000	28.000	22.000
-12.000	-88.000	-22.000
8.000	46.000	24.000
-66.000	-36.000	-16.000

// nullstudy30
// Subjects=10
14.000	-102.000	-8.000
30.000	-58.000	14.000
-12.000	-96.000	22.000
2.000	6.000	22.000
-12.000	-40.000	-14.000
-30.000	26.000	4.000
22.000	46.000	-14.000
8.000	-90.000	22.000
-16.000	-62.000	26.000
-66.000	-26.000	-6.000
38.000	-8.000	18.000
-32.000	-20.000	46.000
34.000	32.000	52.000
-6.000	-46.000	72.000
46.000	40.000	-10.000
36.000	-38.000	34.000
24.000	-46.000	28.000
16.000	-20.000	-8.000
42.000	12.000	-10.000
-30.000	-28.000	34.000
-10.000	-90.000	-2.000
-64.000	-24.000	26.000
-6.000	-22.000	-42.000
-12.000	-98.000	-14.000
-40.000	-90.000	2.000
40.000	-44.000	52.000
66.000	-26.000	-2.000
0.000	8.000	-22.000
-56.000	-8.000	44.000
-12.000	10.000	60.000
0.000	-4.000	20.000
-22.000	12.000	18.000
-42.000	12.000	30.000
32.000	30.000	44.000

// nullstudy31
// Subjects=15
-38.000	8.000	-18.000
-28.000	4.000	14.000
4.000	34.000	40.000
-10.000	-12.000	56.000
-38.000	-12.000	62.000
12.000	-80.000	-42.000
-44.000	-18.000	-20.000
66.000	-44.000	30.000
-28.000	-6.000	66.000
-20.000	12.000	-38.000

// nullstudy32
// Subjects=12
42.000	10.000	50.000
26.000	-16.000	38.000
-12.000	16.000	20.000
-30.000	6.000	0.000
40.000	-66.000	12.000
36.000	-10.000	-26.000
-12.000	22.000	30.000
-12.000	-74.000	38.000
-22.000	-50.000	-22.000
-36.000	-14.000	-30.000
36.000	-54.000	38.000
-12.000	-2.000	52.000
-26.000	-32.000	48.000
-34.000	-76.000	12.000
50.000	-80.000	-8.000
32.000	8.000	62.000
-38.000	-88.000	6.000
-36.000	14.000	34.000
32.000	56.000	-8.000
54.000	-8.000	46.000
0.000	-78.000	46.000
-32.000	-56.000	44.000
-6.000	-28.000	-44.000
-26.000	26.000	-8.000

// nullstudy33
// Subjects=41
-28.000	-50.000	-22.000
-6.000	-46.000	2.000
22.000	22.000	-8.000
22.000	22.000	18.000
-6.000	-10.000	-14.000
64.000	-18.000	38.000
-56.000	-58.000	26.000

// nullstudy34
// Subjects=41
-56.000	-56.000	40.000
8.000	2.000	-8.000
34.000	6.000	-22.000
-20.000	-84.000	-14.000
-2.000	16.000	60.000
-44.000	30.000	-14.000
50.000	20.000	10.000

// nullstudy35
// Subjects=11
8.000	-66.000	-12.000
24.000	38.000	6.000
40.000	-80.000	-28.000
16.000	-72.000	24.000

// nullstudy36
// Subjects=15
38.000	22.000	-40.000
-44.000	-22.000	62.000
-20.000	-104.000	6.000
-64.000	-20.000	-2.000
0.000	2.000	56.000
-34.000	-12.000	-36.000
-30.000	-54.000	14.000
8.000	-60.000	-24.000
-42.000	-14.000	46.000
16.000	-16.000	48.000
-40.000	6.000	-6.000
-14.000	-12.000	-4.000
-38.000	22.000	-30.000
2.000	48.000	30.000
-66.000	-40.000	4.000
-32.000	-64.000	-56.000
-44.000	-54.000	32.000
50.000	-74.000	-4.000
-4.000	26.000	14.000
38.000	-48.000	50.000
60.000	-56.000	-10.000
-8.000	12.000	-8.000
-12.000	-50.000	-6.000
-18.000	-48.000	-52.000
56.000	-10.000	14.000
-60.000	8.000	24.000
-16.000	-26.000	40.000
-2.000	-30.000	-22.000
6.000	-34.000	-20.000
-56.000	-48.000	-8.000
-56.000	-10.000	50.000
12.000	-90.000	36.000
40.000	-38.000	12.000
-54.000	-38.000	-14.000

// nullstudy37
// Subjects=15
-58.000	-6.000	28.000
-22.000	-42.000	64.000
42.000	28.000	50.000
60.000	-16.000	-14.000
12.000	-10.000	54.000
22.000	20.000	32.000
42.000	-24.000	52.000
-48.000	8.000	50.000
-4.000	58.000	-20.000
-12.000	40.000	38.000

// nullstudy38
// Subjects=10
-8.000	-80.000	-38.000
48.000	-14.000	30.000
-4.000	-52.000	-58.000
8.000	50.000	-10.000
-28.000	2.000	-28.000
-6.000	-34.000	52.000
-2.000	-52.000	-28.000
12.000	-50.000	0.000
-24.000	44.000	32.000
64.000	-10.000	-14.000
-20.000	-2.000	-46.000
4.000	10.000	18.000
52.000	-66.000	-10.000
42.000	-62.000	4.000
-28.000	12.000	-40.000
-28.000	40.000	36.000
-56.000	12.000	6.000
48.000	-48.000	8.000
-18.000	36.000	-22.000
-24.000	38.000	14.000
46.000	-70.000	-16.000
-6.000	-60.000	68.000
-20.000	-72.000	-22.000
-20.000	12.000	10.000
-50.000	-34.000	-26.000
-18.000	44.000	40.000
-44.000	-38.000	14.000
-26.000	-24.000	-22.000
38.000	-60.000	8.000
4.000	0.000	-10.000

// nullstudy39
// Subjects=23
-32.000	-78.000	-32.000
38.000	-6.000	-46.000
-4.000	4.000	74.000
20.000	-82.000	10.000
4.000	66.000	14.000
-30.000	-70.000	-36.000
0.000	16.000	8.000
-8.000	-62.000	-4.000
-54.000	-38.000	20.000
-10.000	58.000	12.000
40.000	-38.000	42.000
-20.000	-62.000	26.000
32.000	-80.000	-16.000
42.000	-54.000	-36.000
-16.000	34.000	-12.000
-8.000	-56.000	10.000
-40.000	-24.000	2.000
-40.000	-16.000	-30.000
46.000	-36.000	-12.000
24.000	-58.000	-2.000
-12.000	6.000	-8.000
8.000	-50.000	-56.000
28.000	-86.000	-2.000
12.000	-44.000	46.000
2.000	28.000	12.000
22.000	42.000	-20.000
-36.000	-22.000	-18.000
26.000	-48.000	-38.000
-54.000	-10.000	-40.000
26.000	16.000	-10.000

// nullstudy40
// Subjects=10
-56.000	-42.000	-14.000
46.000	-18.000	-20.000
-22.000	-14.000	-24.000
-56.000	-56.000	4.000
52.000	-62.000	-16.000
66.000	-12.000	-2.000
66.000	-2.000	16.000
-62.000	-60.000	16.000
34.000	0.000	30.000
14.000	40.000	38.000

// nullstudy41
// Subjects=12
-6.000	18.000	-4.000
6.000	-62.000	54.000
-2.000	-68.000	28.000
38.000	38.000	8.000
30.000	-64.000	6.000
12.000	16.000	50.000
-24.000	-50.000	20.000
8.000	-80.000	-2.000
-40.000	-56.000	-22.000
-24.000	-56.000	4.000

// nullstudy42
// Subjects=11
20.000	-52.000	46.000
-8.000	-46.000	-64.000
-34.000	-40.000	70.000
8.000	50.000	24.000
8.000	24.000	4.000
0.000	64.000	-6.000
38.000	30.000	40.000
-20.000	12.000	14.000
24.000	-62.000	-36.000
-6.000	-14.000	-8.000
-22.000	-60.000	68.000
-46.000	-64.000	-28.000
-50.000	6.000	44.000
10.000	-4.000	44.000
52.000	16.000	-2.000
-14.000	44.000	-22.000
-40.000	28.000	-16.000
-34.000	-40.000	48.000
-22.000	6.000	-40.000
28.000	4.000	-4.000
-24.000	-2.000	58.000
38.000	-68.000	34.000
42.000	24.000	34.000
16.000	-76.000	28.000
60.000	-26.000	24.000
-48.000	4.000	48.000
-46.000	-10.000	46.000
30.000	-72.000	-2.000
22.000	-86.000	30.000
14.000	-48.000	-20.000

// nullstudy43
// Subjects=10
-32.000	-42.000	48.000
-20.000	38.000	-20.000
-12.000	24.000	24.000
44.000	58.000	-6.000
-12.000	18.000	50.000
38.000	-72.000	38.000
-46.000	-44.000	30.000
-38.000	-68.000	-38.000
-26.000	-40.000	52.000
14.000	-52.000	48.000

// nullstudy44
// Subjects=15
4.000	38.000	44.000
-6.000	46.000	0.000
-32.000	-46.000	-8.000
20.000	44.000	18.000
-30.000	40.000	14.000
40.000	-68.000	-2.000
-4.000	-34.000	-56.000
-8.000	22.000	58.000
-20.000	-74.000	38.000
10.000	-78.000	50.000
-38.000	-8.000	20.000
4.000	38.000	28.000
-8.000	-42.000	24.000
-54.000	-56.000	46.000
-34.000	0.000	-42.000

// nullstudy45
// Subjects=12
-8.000	-34.000	-8.000
-36.000	-30.000	26.000
8.000	-28.000	40.000
22.000	-88.000	2.000
-32.000	-44.000	24.000
-50.000	-26.000	6.000
24.000	-82.000	28.000
-16.000	-80.000	20.000
52.000	-18.000	48.000
-4.000	-34.000	-16.000
6.000	-32.000	50.000
-22.000	-22.000	56.000
4.000	8.000	-24.000
26.000	32.000	-18.000
16.000	16.000	-16.000
8.000	-66.000	6.000
28.000	-66.000	-20.000
66.000	-28.000	20.000
-18.000	-42.000	72.000
44.000	-58.000	48.000
22.000	-78.000	-26.000
-32.000	-6.000	-48.000
58.000	-8.000	24.000
58.000	-10.000	8.000

// nullstudy46
// Subjects=11
-14.000	6.000	30.000
-42.000	-14.000	26.000
-44.000	0.000	22.000
10.000	58.000	-6.000
-60.000	-22.000	-16.000
-32.000	20.000	58.000
-46.000	22.000	36.000
10.000	-40.000	-56.000
28.000	-50.000	40.000
-4.000	68.000	-4.000
-26.000	-12.000	-36.000
-18.000	-84.000	6.000
-2.000	22.000	-10.000
-22.000	68.000	-4.000
-34.000	-58.000	30.000

// nullstudy47
// Subjects=12
54.000	-62.000	-10.000
-44.000	40.000	28.000
-32.000	36.000	6.000
-64.000	-42.000	24.000
-20.000	-60.000	-50.000
56.000	18.000	2.000
24.000	24.000	-6.000

// nullstudy48
// Subjects=41
-38.000	-58.000	-2.000
-18.000	-74.000	34.000
-26.000	-62.000	52.000
-26.000	-82.000	-30.000
14.000	-38.000	-18.000
8.000	-62.000	-18.000
14.000	8.000	10.000
-46.000	-62.000	28.000
64.000	0.000	22.000
62.000	-6.000	-2.000
-28.000	10.000	6.000
10.000	-84.000	-40.000
6.000	-14.000	38.000
14.000	46.000	26.000
30.000	-40.000	50.000
30.000	42.000	12.000
50.000	2.000	-36.000
2.000	-80.000	-32.000
44.000	-16.000	66.000
-8.000	36.000	10.000
-54.000	-6.000	36.000
66.000	-22.000	2.000
36.000	-90.000	14.000
22.000	-50.000	54.000
-14.000	8.000	-10.000
-6.000	-40.000	64.000
2.000	-58.000	60.000
20.000	48.000	-18.000
22.000	-90.000	18.000
-22.000	-86.000	-8.000
-14.000	-46.000	36.000
12.000	-50.000	-4.000
-4.000	-44.000	54.000
60.000	-48.000	20.000
-4.000	-30.000	-20.000
-10.000	-66.000	64.000
48.000	8.000	22.000
-20.000	6.000	-10.000
-28.000	-14.000	-28.000
32.000	-10.000	0.000
-42.000	48.000	-10.000
48.000	-60.000	-42.000
-22.000	-8.000	-14.000
4.000	-84.000	20.000
-22.000	58.000	8.000
-12.000	4.000	26.000
-36.000	-4.000	-12.000

// nullstudy49
// Subjects=15
-4.000	16.000	60.000
32.000	-58.000	4.000
62.000	-18.000	28.000
60.000	-40.000	0.000
-50.000	-4.000	14.000
-14.000	36.000	54.000
36.000	-18.000	68.000

// nullstudy50
// Subjects=15
30.000	-26.000	-4.000
-12.000	-4.000	50.000
-18.000	-8.000	58.000
42.000	28.000	8.000
-44.000	-50.000	-40.000
38.000	-36.000	24.000
-32.000	-90.000	2.000
-22.000	-82.000	-44.000
26.000	-8.000	-44.000
6.000	-74.000	4.000
24.000	-84.000	-32.000
4.000	14.000	18.000
-18.000	34.000	36.000
-32.000	-94.000	14.000
-30.000	-10.000	-16.000
-44.000	-8.000	8.000
16.000	0.000	-8.000
28.000	-6.000	-30.000
4.000	16.000	0.000
18.000	-36.000	38.000
56.000	2.000	-6.000
12.000	-10.000	60.000
-14.000	-46.000	16.000
26.000	-28.000	14.000

// nullstudy51
// Subjects=15
-60.000	-48.000	-4.000
64.000	4.000	-4.000
28.000	-44.000	-26.000
-64.000	-12.000	-6.000
58.000	6.000	40.000
-6.000	-28.000	64.000
-62.000	-30.000	-28.000
38.000	-20.000	52.000
-32.000	-78.000	-34.000
-12.000	34.000	-4.000
-22.000	26.000	0.000
-20.000	34.000	-6.000
30.000	2.000	10.000
-22.000	60.000	-16.000
40.000	8.000	-24.000

// nullstudy52
// Subjects=15
-30.000	-68.000	48.000
0.000	-24.000	20.000
48.000	-74.000	-18.000
-12.000	10.000	-2.000
10.000	-44.000	-16.000
-34.000	-88.000	2.000
26.000	6.000	28.000
-22.000	-52.000	6.000
22.000	-60.000	-8.000
16.000	-50.000	-16.000
-24.000	-30.000	-18.000
-16.000	-36.000	66.000
-32.000	14.000	54.000
-48.000	36.000	8.000
48.000	-8.000	-38.000
6.000	-36.000	-50.000
-52.000	-36.000	0.000
36.000	-62.000	-2.000
-32.000	10.000	-38.000
-16.000	26.000	12.000
-42.000	-16.000	-36.000
-10.000	-28.000	78.000
8.000	-8.000	46.000
44.000	-40.000	38.000
-18.000	-38.000	46.000
10.000	-98.000	24.000
8.000	-40.000	74.000
-58.000	-18.000	12.000
24.000	-84.000	-8.000
20.000	8.000	16.000

// nullstudy53
// Subjects=10
-4.000	-8.000	-16.000
-24.000	-14.000	2.000
50.000	44.000	-16.000
-10.000	-74.000	-34.000
14.000	-34.000	20.000
0.000	-90.000	16.000
8.000	-34.000	42.000
-26.000	46.000	4.000
14.000	-80.000	-12.000
56.000	14.000	30.000
24.000	6.000	68.000
-32.000	-16.000	-40.000
6.000	52.000	44.000
-46.000	-82.000	18.000
20.000	-10.000	34.000
-42.000	0.000	-46.000
-42.000	-54.000	4.000
28.000	-30.000	-12.000
28.000	36.000	10.000
-16.000	50.000	46.000
24.000	40.000	40.000
16.000	-38.000	46.000
-24.000	-8.000	0.000
36.000	-26.000	-18.000
-12.000	-34.000	-18.000
-56.000	18.000	18.000
28.000	44.000	22.000
-54.000	-42.000	0.000
48.000	-72.000	-24.000
32.000	-80.000	-24.000

// nullstudy54
// Subjects=10
54.000	-10.000	44.000
-64.000	-42.000	-10.000
-18.000	-64.000	58.000
32.000	-58.000	34.000

// nullstudy55
// Subjects=11
44.000	-38.000	56.000
-14.000	-34.000	-40.000
24.000	-16.000	32.000
48.000	-54.000	42.000
34.000	4.000	44.000
-20.000	-82.000	-20.000
-16.000	-56.000	4.000
30.000	-8.000	-46.000
16.000	30.000	56.000
8.000	44.000	40.000
-16.000	-66.000	36.000
52.000	-24.000	20.000
54.000	-74.000	-6.000
24.000	-66.000	58.000
52.000	26.000	-4.000

// nullstudy56
// Subjects=12
14.000	44.000	38.000
28.000	-44.000	-2.000
-48.000	46.000	-8.000
14.000	-44.000	-34.000
2.000	4.000	20.000
-32.000	42.000	40.000
-30.000	-12.000	-32.000
52.000	-2.000	-34.000
-16.000	-52.000	50.000
12.000	64.000	-6.000
54.000	-34.000	24.000
38.000	18.000	4.000
-2.000	-100.000	18.000
-46.000	-18.000	-22.000
36.000	-72.000	-46.000
-20.000	-40.000	4.000
-54.000	-38.000	0.000
-40.000	-40.000	-32.000
-28.000	-20.000	-20.000
26.000	10.000	-44.000
32.000	-2.000	38.000
10.000	-62.000	46.000
-66.000	-24.000	-10.000
-2.000	46.000	30.000

// nullstudy57
// Subjects=11
-10.000	-60.000	-16.000
-6.000	-46.000	-36.000
-22.000	28.000	14.000
-10.000	14.000	4.000
-6.000	14.000	-20.000
64.000	-32.000	-24.000
-14.000	32.000	-26.000
-32.000	-80.000	-24.000
-34.000	36.000	40.000
-16.000	14.000	40.000
54.000	-56.000	-8.000
-6.000	-44.000	-68.000
-46.000	-22.000	6.000
-24.000	48.000	44.000
-6.000	28.000	58.000

// nullstudy58
// Subjects=15
-10.000	-18.000	46.000
14.000	-64.000	36.000
42.000	44.000	-20.000
30.000	16.000	-18.000
-44.000	-72.000	-50.000
-24.000	-56.000	-38.000
-4.000	-4.000	12.000
16.000	-88.000	-42.000
12.000	-58.000	48.000
-50.000	-4.000	54.000
-42.000	-4.000	-26.000
12.000	-84.000	-20.000
-30.000	2.000	-28.000
42.000	-48.000	58.000
-32.000	-24.000	62.000
-66.000	-44.000	24.000
52.000	-68.000	20.000
-36.000	-62.000	40.000
-28.000	-68.000	32.000
-20.000	60.000	14.000
50.000	-16.000	6.000
22.000	-56.000	-2.000
-12.000	-38.000	24.000
-18.000	-102.000	2.000
-40.000	-34.000	28.000
24.000	0.000	60.000
6.000	-28.000	74.000
-32.000	-16.000	64.000
36.000	-72.000	42.000
-26.000	-38.000	-38.000
36.000	-74.000	4.000
20.000	-100.000	-4.000
-6.000	34.000	58.000
16.000	54.000	-12.000
-50.000	-34.000	14.000
8.000	-56.000	-54.000
-44.000	6.000	30.000
16.000	-90.000	-38.000
-32.000	-78.000	-4.000
62.000	-10.000	6.000
12.000	-20.000	28.000
48.000	6.000	30.000
66.000	-40.000	8.000
-32.000	22.000	-12.000
-6.000	62.000	-12.000
54.000	-38.000	12.000
50.000	2.000	46.000

// nullstudy59
// Subjects=15
-16.000	6.000	-14.000
30.000	28.000	56.000
36.000	48.000	-14.000
60.000	-64.000	-8.000
-30.000	48.000	12.000
20.000	-48.000	-40.000

// nullstudy60
// Subjects=23
-26.000	-60.000	10.000
-10.000	-42.000	32.000
42.000	2.000	-36.000
24.000	-56.000	-22.000
20.000	-22.000	40.000
56.000	-66.000	8.000
-10.000	12.000	-28.000
-26.000	-52.000	52.000
-18.000	24.000	-20.000
6.000	-58.000	30.000
-20.000	18.000	40.000
-66.000	-28.000	-16.000
22.000	62.000	-10.000
50.000	-14.000	-24.000
-34.000	-36.000	-4.000
-24.000	-60.000	-58.000
38.000	-56.000	62.000
54.000	-60.000	44.000
-36.000	-54.000	-32.000
16.000	0.000	-16.000
28.000	6.000	62.000
-30.000	-66.000	34.000
32.000	62.000	12.000
-2.000	-44.000	-18.000
-24.000	-6.000	-44.000
54.000	-24.000	-14.000
10.000	18.000	38.000
-10.000	-28.000	50.000
-16.000	-12.000	12.000
70.000	-40.000	10.000

// nullstudy61
// Subjects=15
-36.000	20.000	42.000
48.000	-66.000	22.000
18.000	66.000	20.000
-62.000	-28.000	30.000
-28.000	-14.000	-8.000
4.000	-56.000	52.000
-20.000	-38.000	-32.000
22.000	-2.000	20.000
34.000	-64.000	42.000
2.000	-64.000	2.000

// nullstudy62
// Subjects=10
-32.000	-14.000	30.000
-38.000	-46.000	-46.000
26.000	54.000	26.000
12.000	32.000	-10.000
-12.000	-46.000	2.000
2.000	26.000	-28.000
42.000	-24.000	26.000
-32.000	-70.000	-24.000
-36.000	-82.000	-24.000
26.000	18.000	62.000

// nullstudy63
// Subjects=15
-30.000	14.000	46.000
-66.000	-22.000	-24.000
-8.000	-74.000	38.000
-6.000	-60.000	4.000
-18.000	-32.000	-12.000
22.000	-62.000	54.000
0.000	-44.000	-8.000
18.000	-86.000	0.000
42.000	-56.000	-2.000
-26.000	-94.000	10.000

// nullstudy64
// Subjects=23
4.000	32.000	14.000
32.000	-22.000	-6.000
-8.000	44.000	50.000
-36.000	-28.000	-4.000
-2.000	-96.000	8.000
12.000	40.000	-12.000
-4.000	46.000	-26.000
-38.000	-40.000	36.000
26.000	0.000	20.000
54.000	-60.000	-10.000
26.000	-56.000	56.000
-6.000	-60.000	-14.000
-24.000	-66.000	10.000
12.000	-78.000	-4.000
22.000	22.000	-24.000
6.000	-54.000	-26.000
14.000	-14.000	40.000
20.000	-24.000	76.000
38.000	-26.000	40.000
-4.000	-32.000	42.000
12.000	60.000	-20.000
-28.000	18.000	-38.000
64.000	-50.000	-2.000
38.000	-76.000	10.000

// nullstudy65
// Subjects=10
30.000	-82.000	36.000
12.000	20.000	4.000
-4.000	-40.000	-28.000
26.000	-82.000	-12.000
48.000	10.000	18.000
-18.000	32.000	56.000
-56.000	2.000	-24.000
6.000	-90.000	18.000
64.000	8.000	16.000
58.000	-42.000	-6.000
