// Reference=MNI
// arnoldussen2006nc
// Subjects=11
13.807	-46.707	33.481
53.986	-38.108	50.253
-41.695	18.753	27.514
53.661	-4.812	-6.399
-24.658	-78.872	-6.092
34.924	-87.221	-2.396
4.227	-31.767	44.494
64.289	-37.614	14.407
-37.452	-59.209	-8.040
-44.843	-11.993	-5.112
37.666	-61.768	-10.695
18.242	-65.559	32.892

// backes2002
// Subjects=8
-43.940	19.247	-14.099
-39.564	37.905	6.590
-47.845	7.673	29.294
39.764	12.428	27.889
-0.686	16.013	50.357
36.005	-65.733	63.483
-39.190	-98.814	0.208
22.863	-99.872	8.506

// bauer2017
// Subjects=14
39.000	-64.000	-26.000
-6.000	8.000	64.000
-33.000	-67.000	46.000
-21.000	-31.000	-2.000
-6.000	-28.000	28.000
-9.000	47.000	-23.000
33.000	26.000	1.000
-9.000	-13.000	13.000
51.000	-58.000	46.000
33.000	26.000	34.000
66.000	-40.000	1.000
24.000	-25.000	-5.000

// booth2001
// Subjects=5
-40.447	15.663	21.848
-50.047	-36.949	2.951
-17.936	-92.226	-12.855
39.671	-79.706	-21.258
-43.874	-55.855	-35.681
65.387	-29.399	7.684
-56.732	35.974	-3.087
-62.979	-21.678	-4.872
-43.886	-52.683	-35.947

// booth2003
// Subjects=15
-27.000	-84.000	-15.000
54.000	-66.000	0.000
-51.000	-21.000	-6.000
60.000	-6.000	-6.000

// booth2007
// Subjects=13
-42.000	33.000	-15.000
-60.000	-15.000	9.000
57.000	-15.000	6.000
-54.000	30.000	12.000
-42.000	-63.000	-18.000
36.000	-60.000	-18.000
-3.000	12.000	60.000
30.000	33.000	-12.000
-12.000	-12.000	12.000
-42.000	-57.000	9.000
-36.000	27.000	12.000
-51.000	-54.000	51.000
-48.000	3.000	-18.000
-48.000	12.000	15.000
-39.000	-27.000	42.000

// cao2008
// Subjects=13
-39.000	24.000	24.000
-39.000	-66.000	-18.000
33.000	-84.000	-12.000
-57.000	-39.000	6.000
24.000	-99.000	0.000
-6.000	21.000	54.000
-36.000	-6.000	-33.000
21.000	-69.000	6.000
36.000	27.000	-6.000

// chou2006a
// Subjects=35
-53.102	9.641	41.457
36.243	25.614	-7.747
-5.069	29.134	41.501
-40.587	-38.519	-18.214
4.656	-70.746	15.194
-21.256	-29.717	-2.447
-34.350	31.108	-12.973
36.206	28.529	-11.337
-5.046	22.789	42.033
-53.209	-41.998	6.757
17.479	-70.669	15.040
-22.871	-40.793	60.952
46.462	0.061	60.075
-56.369	-17.384	22.572
58.163	-3.726	51.337
-24.457	-26.392	-0.458
10.692	-18.578	-12.669
-30.376	-64.157	48.500
-30.601	23.578	54.527
-4.955	-33.395	31.131

// chou2006b
// Subjects=26
-56.418	-38.759	7.637
58.772	-11.775	-11.562
-37.503	28.345	-7.129
39.400	31.721	-11.641
-5.033	26.218	45.091
24.915	-65.594	11.184
-22.112	-70.362	8.778
-55.362	-37.781	6.428
60.909	-11.762	-11.587
36.255	22.442	-7.481
24.932	-65.423	13.400
-4.014	25.711	38.430
-28.815	-36.076	-15.209
-36.733	-60.338	57.174
40.165	-60.306	50.712
-4.778	-57.916	44.337
-30.642	23.150	48.988
33.450	29.878	47.687

// chou2009
// Subjects=33
-42.000	26.000	0.000
-48.000	21.000	12.000
-45.000	21.000	24.000
-6.000	24.000	42.000
-12.000	6.000	9.000
-63.000	-48.000	0.000
36.000	18.000	-3.000
-42.000	24.000	0.000
-48.000	24.000	10.000
-48.000	21.000	27.000
-3.000	9.000	63.000
-57.000	-48.000	3.000
33.000	21.000	0.000
-50.000	21.000	10.000
-48.000	24.000	-3.000
-9.000	9.000	9.000
-9.000	6.000	72.000
-60.000	-42.000	-3.000
-42.000	-3.000	54.000
-42.000	-66.000	36.000

// chou2019
// Subjects=16
-51.000	-61.000	31.000
-60.000	-64.000	19.000
3.000	38.000	34.000
-3.000	35.000	28.000
0.000	29.000	43.000

// krishnan2021
// Subjects=67
-6.000	28.000	30.000
12.000	28.000	36.000
38.000	22.000	-6.000
-4.000	18.000	48.000
-32.000	24.000	-4.000
-50.000	-6.000	24.000
-48.000	-12.000	36.000
58.000	-2.000	20.000
48.000	-6.000	32.000
30.000	-4.000	-36.000
14.000	-18.000	0.000
12.000	-24.000	-12.000
-12.000	-26.000	-12.000
42.000	-22.000	10.000
54.000	-28.000	4.000
-56.000	-42.000	10.000
32.000	-64.000	-50.000
20.000	-76.000	-42.000
40.000	-74.000	-12.000
-34.000	-88.000	-10.000
-32.000	-90.000	-4.000
32.000	-92.000	-4.000

// lee2011aud
// Subjects=23
-48.000	30.000	-3.000
-48.000	21.000	9.000
-9.000	42.000	45.000
-63.000	-24.000	0.000
-3.000	30.000	-15.000
-9.000	0.000	27.000
-15.000	0.000	-3.000
30.000	9.000	-18.000
-48.000	27.000	0.000
-51.000	24.000	18.000
-9.000	48.000	45.000
18.000	-39.000	27.000
-6.000	39.000	21.000
-12.000	6.000	0.000
-63.000	-48.000	-6.000
-18.000	45.000	42.000
-48.000	39.000	3.000
6.000	-66.000	57.000
60.000	-57.000	-6.000
-36.000	-78.000	33.000
-51.000	-72.000	21.000

// lee2011vis
// Subjects=23
-42.000	27.000	0.000
-42.000	18.000	9.000
-6.000	9.000	63.000
-12.000	6.000	0.000
36.000	18.000	-3.000
-63.000	-48.000	0.000
-18.000	-48.000	-3.000
-42.000	27.000	0.000
-48.000	24.000	15.000
-48.000	18.000	27.000
-3.000	6.000	63.000
-6.000	36.000	48.000
-54.000	27.000	-3.000
-54.000	24.000	12.000
-12.000	9.000	9.000
-63.000	-36.000	-6.000

// lee2016
// Subjects=30
-48.000	26.000	-2.000
-48.000	23.000	10.000
-57.000	-43.000	4.000
-57.000	-47.000	25.000
30.000	23.000	1.000
-15.000	-4.000	13.000

// liebig2017
// Subjects=41
26.000	-96.000	-4.000
38.000	-92.000	-6.000
-27.000	-98.000	-8.000
-33.000	-90.000	-8.000
-42.000	-52.000	-18.000
-51.000	-38.000	6.000
-30.000	-62.000	42.000
-39.000	6.000	30.000
-51.000	30.000	18.000
-51.000	22.000	28.000
-4.000	20.000	52.000
33.000	22.000	-4.000
36.000	32.000	-6.000
9.000	-82.000	-26.000
-8.000	-81.000	-27.000

// meyler2008
// Subjects=12
-20.000	-100.000	-8.000
0.000	12.000	54.000
18.000	-100.000	-6.000
22.000	-82.000	-28.000
-36.000	-14.000	62.000
-46.000	20.000	2.000
-56.000	18.000	22.000
-34.000	-4.000	52.000
4.000	-70.000	-22.000
-20.000	-32.000	0.000
-36.000	-26.000	52.000
-8.000	-60.000	-18.000
16.000	-2.000	32.000

// okamoto2017
// Subjects=12
-50.000	-68.000	0.000
54.000	-74.000	0.000
-48.000	-24.000	36.000
32.000	-48.000	58.000
42.000	-52.000	-18.000
4.000	-56.000	28.000
42.000	20.000	-32.000
-22.000	-8.000	-14.000
18.000	-6.000	-12.000
40.000	-72.000	38.000

// passarotti2003
// Subjects=12
41.703	-42.341	-19.954
-41.648	-42.840	-18.955
63.141	-41.528	-11.347
-61.133	42.322	-16.952
54.578	-56.010	-18.956
-54.408	-59.836	-17.383
-60.832	-6.177	2.725
-41.620	-20.579	-6.325
0.307	-23.217	24.641
32.553	-32.057	45.085
-24.016	-29.511	55.558
-2.913	46.922	51.136
-40.155	8.802	56.991
6.189	19.663	-26.977
65.276	25.471	15.350

// schafer2009
// Subjects=26
-19.386	-75.312	-55.520
-17.789	-99.486	3.365
5.189	10.483	-21.734
40.045	-32.984	46.192
10.472	49.438	-13.910
-48.816	-75.895	8.434
-4.850	9.442	62.108
25.000	1.191	49.075

// scherf2007adol
// Subjects=10
42.758	-50.165	-24.886
49.466	-76.706	2.912
65.463	-49.490	9.368
59.735	-4.080	-22.255
12.229	-58.756	31.945
-40.171	-71.558	22.468
-49.279	18.158	-13.946
42.580	27.082	-16.865
6.571	62.069	39.720
-4.847	1.783	59.405
-4.546	48.749	-21.486
46.408	-3.796	51.478
23.973	3.814	55.558
29.503	-64.514	52.303
-9.998	-65.465	57.297
31.378	-81.502	11.329
-27.281	-87.257	24.752
49.317	-57.386	-8.743
-46.813	-62.993	-3.823
20.608	-91.225	-3.345
-12.503	-93.453	-1.663
28.987	-41.304	-5.398
-25.455	-49.833	-0.711
-21.704	-71.623	61.294
35.900	-49.243	56.525
-13.407	-98.347	17.716
-56.219	-32.302	36.089
44.002	-62.620	-7.128
-42.534	-59.623	-1.925
13.129	-84.668	-0.464
24.728	-77.424	-17.932
-27.601	-77.395	-12.873
36.707	-91.501	5.415
-34.970	-1.595	32.154

// scherf2010
// Subjects=10
43.795	-43.900	-26.539
-40.552	-54.637	-20.209
54.824	-62.242	10.559
60.148	-50.322	12.844
53.768	-58.820	13.630
-66.183	-31.557	-8.467
-43.074	20.456	-39.860
-40.046	-59.271	43.741
0.015	63.833	21.805
-5.533	45.198	-12.255
9.894	51.228	50.628
23.844	26.648	48.068
6.591	61.183	42.025
1.377	42.718	51.440
34.049	63.467	0.255
-15.676	35.385	54.481
-17.940	41.746	40.591
-1.242	68.457	-0.873
36.611	7.464	32.803
-46.611	11.593	52.371
-50.367	30.040	-11.584
-35.304	-79.752	-42.697
28.962	-43.762	-9.652
-24.456	-47.254	-8.746
18.451	-88.151	-4.693
-3.945	-91.115	0.273
33.611	-77.204	25.440
-21.958	-84.138	23.314
23.194	-64.582	65.763
-7.807	-65.996	64.008
67.597	-12.154	24.055
63.240	10.026	22.245
-32.001	15.744	8.362
-40.596	34.983	10.193
45.041	-64.013	-11.484
-42.531	-69.483	-5.559
25.802	-65.272	-12.273
-24.418	-66.630	-11.582
8.879	-84.437	2.911
34.579	-82.626	10.271
-22.037	-88.253	11.393
38.055	-44.658	60.576
-30.328	-51.584	59.712
-57.270	-27.737	40.179
64.420	-15.174	26.575
-46.713	-30.101	22.412
-45.919	34.065	12.561

// siok2004
// Subjects=8
-51.000	10.000	38.000
-44.000	3.000	29.000
-32.000	25.000	1.000
53.000	27.000	28.000
40.000	-3.000	50.000
46.000	9.000	25.000
34.000	21.000	-4.000
2.000	20.000	37.000
-2.000	30.000	41.000
-46.000	-65.000	-10.000
-38.000	-53.000	-18.000
-28.000	-89.000	-1.000
48.000	-29.000	46.000
-10.000	-19.000	6.000
6.000	-19.000	6.000
4.000	-10.000	4.000
-32.000	-74.000	-38.000

// wong2019
// Subjects=38
48.000	-70.000	28.000
0.000	50.000	28.000
-6.000	-52.000	25.000
-30.000	14.000	13.000
-39.000	29.000	22.000
-45.000	-4.000	31.000
-42.000	-34.000	43.000
-54.000	-55.000	-2.000
-27.000	-52.000	73.000
-6.000	14.000	49.000
36.000	17.000	10.000
60.000	-49.000	16.000
48.000	-52.000	-2.000
-1.000	-52.000	16.000
-36.000	11.000	55.000
-39.000	47.000	1.000
0.000	23.000	52.000
-42.000	-58.000	46.000

// xue2004
// Subjects=12
-42.000	21.000	18.000
-45.000	24.000	10.000
-24.000	-12.000	42.000
27.000	-12.000	42.000
-27.000	-53.000	42.000
-39.000	-33.000	35.000
-39.000	-56.000	-10.000
-36.000	-65.000	-12.000
36.000	-56.000	-17.000
-15.000	-91.000	-8.000
33.000	-79.000	-8.000
-6.000	28.000	26.000
9.000	22.000	35.000
45.000	-16.000	20.000
-18.000	-9.000	-2.000
21.000	-6.000	-2.000
-15.000	-15.000	1.000
18.000	-15.000	-2.000

