// Reference=MNI
// arnoldussen2006nc
// Subjects=11
13.807	-46.707	33.481
53.986	-38.108	50.253
-41.695	18.753	27.514
53.661	-4.812	-6.399
-24.658	-78.872	-6.092
34.924	-87.221	-2.396
4.227	-31.767	44.494
64.289	-37.614	14.407
-37.452	-59.209	-8.040
-44.843	-11.993	-5.112
37.666	-61.768	-10.695
18.242	-65.559	32.892

// arnoldussen2006rm
// Subjects=11
-27.594	-71.719	-9.669
1.117	-36.844	41.052
-38.666	13.330	30.053
58.235	-37.692	33.219
62.480	-35.127	16.450
26.376	-75.297	-11.215
15.464	-91.296	-5.176
37.477	-87.757	-4.053
-0.957	39.244	38.375
39.276	-50.604	-19.233
2.931	10.768	-9.577

// backes2002
// Subjects=8
-43.940	19.247	-14.099
-39.564	37.905	6.590
-47.845	7.673	29.294
39.764	12.428	27.889
-0.686	16.013	50.357
36.005	-65.733	63.483
-39.190	-98.814	0.208
22.863	-99.872	8.506

// balsamo2002
// Subjects=11
-52.168	-38.991	4.262
-62.926	-24.422	0.934
-63.031	-10.133	-6.955
67.395	-15.353	-3.554
54.708	-38.179	5.197
63.273	-37.957	7.310
-7.108	-104.966	0.356
-30.575	-102.478	7.108
-11.218	-107.680	20.704
16.558	-105.398	20.194
27.145	-106.362	6.771
35.579	-98.708	-5.120
-60.762	-59.275	-9.551
26.884	-87.099	-19.376
35.360	-76.816	-24.797
48.160	-65.994	-23.621
-7.279	-36.436	5.763
3.351	-80.895	-19.626
-37.415	-47.644	-26.407
7.219	64.308	-14.005
-3.483	64.073	-16.092
26.445	62.138	-16.274
-43.649	-72.204	-13.124
56.416	12.305	-30.282
-22.669	64.472	-9.214
-52.110	18.736	35.107

// balsamo2006
// Subjects=23
-41.434	7.712	29.218
-56.483	22.083	23.724
-43.981	21.020	-18.708
-0.700	29.044	53.725
-7.281	51.412	40.773
-7.314	51.069	36.341
-60.801	-48.700	-10.437
-35.292	-30.199	-21.203
-48.012	-57.768	-18.745

// bauer2017
// Subjects=14
39.000	-64.000	-26.000
-6.000	8.000	64.000
-33.000	-67.000	46.000
-21.000	-31.000	-2.000
-6.000	-28.000	28.000
-9.000	47.000	-23.000
33.000	26.000	1.000
-9.000	-13.000	13.000
51.000	-58.000	46.000
33.000	26.000	34.000
66.000	-40.000	1.000
24.000	-25.000	-5.000

// berl2014
// Subjects=57
-48.000	28.000	8.000
-52.000	34.000	-6.000
-44.000	16.000	26.000
-44.000	8.000	34.000
-52.000	14.000	-4.000
-36.000	-50.000	-20.000
0.000	18.000	46.000
32.000	-62.000	-24.000
-4.000	14.000	52.000
36.000	28.000	-8.000
54.000	-26.000	4.000
50.000	22.000	24.000
-10.000	2.000	16.000
-6.000	-12.000	10.000
10.000	8.000	12.000

// brauer2007
// Subjects=12
-46.156	17.321	-25.064
-49.239	11.985	-11.198
-61.855	-9.013	7.435
-45.974	-3.857	-9.907
-45.803	-15.261	7.775
-55.264	-43.355	16.931
-42.403	-39.592	23.159
-49.153	9.584	-0.961
-42.740	16.223	1.754
-33.197	15.510	-8.333
-36.267	13.604	8.590
-58.359	-52.120	27.738
-3.997	25.882	40.646
-20.216	0.754	6.138
-32.864	9.077	32.350
56.564	9.446	-12.201
63.061	0.482	-4.832
50.213	0.148	-8.003
53.528	-15.180	-0.064
37.597	-20.849	10.631
63.242	-27.297	7.532
12.078	6.688	38.726
5.778	-71.283	21.918
11.672	-63.438	-42.374

// gaillard2001
// Subjects=9
-21.092	-91.732	-6.169
-49.928	13.718	38.848
-56.520	-34.329	-3.885
-53.552	29.135	-9.241

// gaillard2003
// Subjects=16
-0.685	20.414	52.219
-45.699	14.373	33.169
-58.868	15.099	-11.349
-12.033	59.621	-17.851
37.290	24.306	-10.995
-17.769	-106.974	2.877
-11.703	3.720	2.446
20.701	-102.342	4.277
-0.832	-22.852	15.701
11.814	1.746	2.341
-53.767	-72.958	60.659
-2.868	41.892	54.903
-56.769	38.889	-6.677

// horowitzkraus2015
// Subjects=23
34.000	-70.000	36.000
2.000	-62.000	40.000
6.000	52.000	42.000
44.000	-54.000	30.000
52.000	-52.000	2.000
30.000	-48.000	46.000
20.000	-50.000	-4.000
2.000	32.000	38.000
44.000	-64.000	6.000
48.000	28.000	14.000
22.000	-32.000	-10.000
38.000	4.000	32.000
34.000	-50.000	-10.000
46.000	-50.000	-8.000
44.000	16.000	24.000
32.000	-66.000	-6.000
-24.000	-68.000	44.000
0.000	28.000	50.000
-38.000	14.000	42.000
-38.000	2.000	34.000
-30.000	-52.000	46.000
-40.000	-56.000	32.000
-42.000	16.000	22.000
-22.000	-34.000	-8.000
-32.000	18.000	0.000
-40.000	22.000	4.000
-38.000	-52.000	-6.000
-38.000	-52.000	14.000

// krishnan2015
// Subjects=37
-6.000	-102.000	10.000
-8.000	16.000	46.000
44.000	-10.000	38.000
40.000	16.000	6.000
58.000	12.000	-6.000

// krishnan2021
// Subjects=67
-6.000	28.000	30.000
12.000	28.000	36.000
38.000	22.000	-6.000
-4.000	18.000	48.000
-32.000	24.000	-4.000
-50.000	-6.000	24.000
-48.000	-12.000	36.000
58.000	-2.000	20.000
48.000	-6.000	32.000
30.000	-4.000	-36.000
14.000	-18.000	0.000
12.000	-24.000	-12.000
-12.000	-26.000	-12.000
42.000	-22.000	10.000
54.000	-28.000	4.000
-56.000	-42.000	10.000
32.000	-64.000	-50.000
20.000	-76.000	-42.000
40.000	-74.000	-12.000
-34.000	-88.000	-10.000
-32.000	-90.000	-4.000
32.000	-92.000	-4.000

// meyler2008
// Subjects=12
-20.000	-100.000	-8.000
0.000	12.000	54.000
18.000	-100.000	-6.000
22.000	-82.000	-28.000
-36.000	-14.000	62.000
-46.000	20.000	2.000
-56.000	18.000	22.000
-34.000	-4.000	52.000
4.000	-70.000	-22.000
-20.000	-32.000	0.000
-36.000	-26.000	52.000
-8.000	-60.000	-18.000
16.000	-2.000	32.000

// mooreparks2010
// Subjects=23
-52.176	-32.475	5.946
61.049	-14.706	5.386
-7.267	-12.145	17.108
-2.799	9.655	50.915
-0.862	-60.517	-3.443
35.293	23.549	6.934
-0.621	-97.556	13.042
-26.830	-2.484	-21.394
35.058	-5.255	-35.255
63.604	-34.530	51.627
-58.460	-7.023	32.879
-39.162	-78.753	11.908
29.106	32.425	39.717
-32.906	31.711	36.028
18.791	-75.837	44.454

// siok2004
// Subjects=8
-51.000	10.000	38.000
-44.000	3.000	29.000
-32.000	25.000	1.000
53.000	27.000	28.000
40.000	-3.000	50.000
46.000	9.000	25.000
34.000	21.000	-4.000
2.000	20.000	37.000
-2.000	30.000	41.000
-46.000	-65.000	-10.000
-38.000	-53.000	-18.000
-28.000	-89.000	-1.000
48.000	-29.000	46.000
-10.000	-19.000	6.000
6.000	-19.000	6.000
4.000	-10.000	4.000
-32.000	-74.000	-38.000

// skeide2014nine
// Subjects=20
-39.000	11.000	-20.000

// skeide2014six
// Subjects=20
-45.000	-10.000	-11.000

// szaflarski2006
// Subjects=29
33.004	25.252	-12.141
-52.180	-33.618	4.927
46.115	-28.799	3.394
-9.423	-2.470	18.552
-9.598	-13.070	-8.437
-47.930	18.876	22.780
20.758	-83.082	19.389
-26.045	-72.334	52.482
-4.964	17.044	50.320
-5.183	41.137	31.574

// vannest2012
// Subjects=15
-37.346	29.972	13.921
3.475	28.042	40.379
3.484	-20.197	22.120
-32.559	-42.679	51.185

// wu2016
// Subjects=30
39.000	-13.000	-6.000
51.000	-1.000	-14.000
-21.000	-22.000	-18.000
-51.000	-1.000	-10.000
-57.000	-16.000	-2.000
-12.000	-1.000	46.000
21.000	-88.000	30.000
30.000	-70.000	22.000
-30.000	23.000	-2.000
-39.000	38.000	6.000
-42.000	20.000	-10.000
39.000	-19.000	54.000


// nullstudy1
// Subjects=11
62.000	-14.000	-22.000
30.000	-64.000	-50.000
-26.000	48.000	42.000
-24.000	-34.000	-42.000

// nullstudy2
// Subjects=12
-68.000	-34.000	8.000

// nullstudy3
// Subjects=12
-10.000	-36.000	44.000
-16.000	-48.000	-24.000
28.000	24.000	10.000
58.000	-56.000	-8.000
34.000	4.000	-18.000
18.000	20.000	2.000
-54.000	16.000	40.000
24.000	-82.000	48.000
30.000	-80.000	-34.000
4.000	12.000	-14.000
48.000	-70.000	18.000
-52.000	-6.000	-26.000
-14.000	-56.000	-48.000
-66.000	-48.000	6.000
32.000	-50.000	-24.000
56.000	-64.000	18.000
-2.000	-36.000	-30.000
-12.000	40.000	26.000
-22.000	10.000	-34.000
24.000	36.000	8.000
-2.000	18.000	68.000
46.000	-14.000	-36.000

// nullstudy4
// Subjects=23
-36.000	30.000	-4.000
-32.000	-96.000	2.000
-54.000	-60.000	12.000
-6.000	-34.000	42.000
-6.000	-98.000	10.000
28.000	-44.000	72.000
30.000	-78.000	26.000
-40.000	0.000	-12.000
0.000	26.000	32.000
14.000	-50.000	-26.000
-24.000	-16.000	4.000
22.000	12.000	28.000
0.000	-78.000	38.000
18.000	38.000	4.000
38.000	-48.000	24.000
30.000	-12.000	-44.000
8.000	-8.000	46.000
-56.000	-32.000	46.000
-22.000	60.000	22.000
14.000	8.000	40.000
-36.000	34.000	6.000
-32.000	-38.000	-18.000

// nullstudy5
// Subjects=23
-30.000	-4.000	-36.000
-14.000	-44.000	-12.000
-12.000	-22.000	62.000
22.000	4.000	-34.000
8.000	-50.000	-10.000

// nullstudy6
// Subjects=23
28.000	8.000	40.000

// nullstudy7
// Subjects=23
56.000	10.000	-30.000
-26.000	60.000	12.000
-26.000	-2.000	22.000
-38.000	18.000	28.000
50.000	8.000	-22.000
-22.000	-52.000	6.000
36.000	-68.000	-38.000
6.000	-36.000	66.000

// nullstudy8
// Subjects=16
48.000	-68.000	-22.000
44.000	-74.000	-18.000
-6.000	28.000	34.000
22.000	-32.000	64.000
12.000	40.000	-14.000
28.000	-8.000	-12.000
-4.000	36.000	26.000
48.000	-50.000	34.000
48.000	-20.000	30.000
10.000	-20.000	-24.000
36.000	-2.000	-28.000
12.000	-42.000	-22.000
14.000	70.000	10.000
62.000	-14.000	-24.000
2.000	54.000	-16.000

// nullstudy9
// Subjects=14
12.000	54.000	28.000
30.000	18.000	-38.000
54.000	-72.000	2.000
18.000	-54.000	-2.000
28.000	-34.000	22.000
-50.000	-52.000	42.000
24.000	-80.000	32.000
32.000	2.000	14.000
-22.000	-82.000	28.000
36.000	-10.000	28.000
12.000	-4.000	54.000
-50.000	-64.000	-30.000
-24.000	-82.000	26.000
30.000	60.000	26.000
60.000	-2.000	10.000
-18.000	-20.000	74.000
56.000	8.000	-20.000
40.000	16.000	-34.000
-14.000	26.000	26.000
-48.000	32.000	24.000
-44.000	-10.000	42.000
14.000	-42.000	-8.000
36.000	-20.000	-2.000
52.000	40.000	8.000
24.000	-38.000	-18.000
-28.000	-22.000	34.000

// nullstudy10
// Subjects=14
-46.000	-58.000	-12.000
-36.000	-48.000	22.000
34.000	-52.000	20.000
12.000	-54.000	-46.000

// nullstudy11
// Subjects=23
16.000	-66.000	-24.000

// nullstudy12
// Subjects=57
-30.000	14.000	-20.000
-14.000	-46.000	62.000
14.000	-54.000	-2.000
-44.000	-80.000	-4.000
-18.000	-58.000	-18.000
14.000	-56.000	-62.000
-58.000	0.000	20.000
-10.000	-42.000	-38.000

// nullstudy13
// Subjects=23
-52.000	-32.000	-20.000
-18.000	-74.000	-6.000
14.000	36.000	58.000
-62.000	-40.000	-8.000
22.000	-26.000	-18.000
18.000	-94.000	4.000
10.000	-52.000	60.000
26.000	48.000	-18.000

// nullstudy14
// Subjects=20
-4.000	-20.000	14.000

// nullstudy15
// Subjects=29
10.000	70.000	8.000
2.000	-76.000	36.000
2.000	-80.000	-6.000
10.000	28.000	-18.000
-48.000	0.000	-8.000
-12.000	-56.000	24.000
-44.000	-8.000	-34.000
40.000	-68.000	10.000
20.000	-38.000	-50.000
-4.000	-76.000	36.000
36.000	4.000	28.000
-28.000	4.000	-18.000

// nullstudy16
// Subjects=15
-58.000	-46.000	4.000

// nullstudy17
// Subjects=23
28.000	-56.000	62.000
-6.000	0.000	32.000
10.000	-14.000	40.000
26.000	10.000	60.000
-4.000	-52.000	0.000
20.000	44.000	44.000
-50.000	-74.000	-18.000
30.000	-58.000	-38.000
-4.000	40.000	32.000
36.000	-52.000	2.000
22.000	-30.000	58.000
16.000	-42.000	-10.000
8.000	56.000	12.000
-30.000	30.000	18.000
12.000	-8.000	62.000

// nullstudy18
// Subjects=23
-40.000	-38.000	4.000
22.000	-36.000	-20.000
-56.000	-58.000	-36.000
-6.000	16.000	-14.000
16.000	-26.000	-28.000
30.000	-42.000	-18.000
18.000	-8.000	8.000
-16.000	-34.000	-30.000
60.000	22.000	20.000
-32.000	-54.000	-30.000
6.000	-50.000	26.000
-30.000	-40.000	-40.000
26.000	8.000	34.000
-40.000	-32.000	64.000
-40.000	28.000	-12.000
-28.000	32.000	20.000
-34.000	8.000	-38.000
6.000	-18.000	24.000
54.000	28.000	14.000
-10.000	-30.000	-24.000
-20.000	-92.000	30.000
42.000	-30.000	44.000
-60.000	-52.000	-14.000
-28.000	-8.000	-36.000
10.000	-48.000	-30.000
52.000	40.000	-10.000

// nullstudy19
// Subjects=8
-42.000	-48.000	-14.000
-44.000	-46.000	-44.000
6.000	-12.000	20.000
-40.000	-42.000	8.000

// nullstudy20
// Subjects=67
2.000	-32.000	22.000
-52.000	32.000	14.000
-40.000	-18.000	-26.000
-56.000	4.000	12.000
48.000	-46.000	46.000
4.000	66.000	2.000
-22.000	-62.000	-36.000
-32.000	38.000	10.000
-28.000	6.000	-26.000

// nullstudy21
// Subjects=23
10.000	-30.000	72.000
-6.000	-84.000	22.000
12.000	-2.000	-32.000
-60.000	-10.000	0.000
-14.000	-28.000	38.000

// nullstudy22
// Subjects=23
30.000	18.000	-4.000
-28.000	26.000	40.000
2.000	12.000	36.000
-50.000	-80.000	14.000
16.000	-82.000	30.000
-12.000	56.000	6.000
6.000	-34.000	-22.000
-16.000	-10.000	56.000
24.000	-30.000	58.000
-34.000	-28.000	44.000
-48.000	-78.000	8.000
-40.000	-26.000	-10.000
-10.000	6.000	0.000
46.000	-66.000	-26.000
26.000	-48.000	42.000
48.000	-34.000	-6.000
-40.000	-54.000	-2.000
-40.000	-58.000	10.000
-18.000	-82.000	16.000
-10.000	-80.000	40.000
2.000	24.000	22.000
12.000	-44.000	74.000
-48.000	-26.000	50.000
22.000	-8.000	4.000

// nullstudy23
// Subjects=29
2.000	-36.000	-36.000
10.000	-48.000	40.000
-30.000	-86.000	2.000
16.000	8.000	40.000
-12.000	12.000	18.000
10.000	36.000	60.000
-16.000	-32.000	-10.000
10.000	-66.000	6.000
-34.000	-54.000	-44.000
-18.000	-22.000	-6.000
-26.000	0.000	70.000
32.000	14.000	-36.000
20.000	30.000	20.000
32.000	-96.000	-10.000
56.000	18.000	32.000

// nullstudy24
// Subjects=20
16.000	36.000	52.000
60.000	-6.000	22.000
-34.000	-44.000	66.000
-58.000	-58.000	0.000
30.000	-88.000	-36.000
8.000	50.000	2.000
-42.000	-42.000	32.000
24.000	-30.000	44.000
14.000	-8.000	-8.000
-14.000	46.000	6.000
-6.000	-48.000	56.000

// nullstudy25
// Subjects=23
42.000	-20.000	68.000
-4.000	-36.000	74.000
-58.000	0.000	38.000
18.000	38.000	40.000
-52.000	-52.000	-48.000
14.000	-52.000	22.000
-52.000	8.000	-4.000
36.000	-80.000	-36.000
-24.000	-94.000	24.000
46.000	-56.000	42.000
18.000	18.000	4.000
26.000	-36.000	68.000
20.000	-66.000	-46.000
26.000	-58.000	-48.000
-32.000	0.000	18.000
4.000	-22.000	-22.000
4.000	-38.000	-20.000
28.000	-60.000	-30.000
48.000	-36.000	50.000
40.000	-20.000	-18.000
4.000	42.000	-24.000
16.000	6.000	50.000
14.000	-96.000	14.000
12.000	-58.000	-26.000
-44.000	34.000	36.000
-22.000	-16.000	62.000

// nullstudy26
// Subjects=57
28.000	-60.000	2.000
-36.000	-78.000	28.000
-52.000	-16.000	-36.000
56.000	-42.000	52.000
46.000	14.000	-20.000
-44.000	-2.000	34.000
-22.000	-16.000	4.000
-28.000	44.000	40.000
-14.000	-14.000	52.000
-22.000	-80.000	-8.000
-16.000	28.000	-16.000
34.000	-46.000	40.000
34.000	-28.000	-4.000
-28.000	4.000	62.000
64.000	-22.000	-12.000

// nullstudy27
// Subjects=11
66.000	-6.000	-24.000
-14.000	-68.000	-10.000
38.000	-52.000	10.000
6.000	-46.000	16.000
-56.000	-46.000	38.000
-12.000	-92.000	14.000
40.000	8.000	-24.000
-16.000	-78.000	46.000
38.000	-28.000	-30.000
-54.000	-6.000	-42.000
-8.000	42.000	10.000

// nullstudy28
// Subjects=30
-22.000	-94.000	8.000

// nullstudy29
// Subjects=23
28.000	-36.000	32.000
4.000	-20.000	-8.000
4.000	-46.000	-6.000
26.000	-86.000	16.000
12.000	-56.000	14.000
38.000	10.000	14.000
-26.000	44.000	-4.000
-18.000	-68.000	56.000

// nullstudy30
// Subjects=8
6.000	-72.000	52.000
2.000	48.000	6.000
52.000	-52.000	8.000
-12.000	36.000	-10.000
8.000	6.000	-6.000
28.000	-78.000	20.000
-6.000	50.000	34.000
-32.000	-28.000	-26.000
14.000	-4.000	-10.000
-2.000	-30.000	14.000
-30.000	-8.000	-26.000
-22.000	-56.000	28.000
-4.000	-98.000	18.000

// nullstudy31
// Subjects=37
50.000	-58.000	12.000
4.000	34.000	44.000
44.000	-72.000	16.000
54.000	-10.000	-42.000
-10.000	-50.000	-22.000
-18.000	30.000	-18.000
22.000	-88.000	34.000
36.000	44.000	28.000
50.000	-20.000	44.000
-30.000	-86.000	-2.000
-38.000	-16.000	-26.000
-36.000	34.000	26.000
20.000	-64.000	14.000

// nullstudy32
// Subjects=67
-22.000	-92.000	-12.000
38.000	-84.000	30.000
-26.000	-24.000	32.000
-50.000	-48.000	-28.000
12.000	-60.000	12.000
-24.000	-52.000	68.000
42.000	10.000	2.000
58.000	-8.000	-22.000
-30.000	-60.000	4.000
-52.000	-54.000	-46.000
52.000	-10.000	2.000
58.000	24.000	4.000

// nullstudy33
// Subjects=37
42.000	2.000	2.000
16.000	-80.000	-40.000
14.000	50.000	48.000
20.000	-84.000	-30.000
18.000	20.000	30.000
-2.000	-14.000	24.000
-12.000	-10.000	50.000
36.000	-54.000	-10.000

// nullstudy34
// Subjects=20
12.000	-60.000	-28.000

// nullstudy35
// Subjects=67
6.000	-20.000	10.000
-52.000	-30.000	60.000
18.000	-50.000	2.000
-38.000	-8.000	46.000
46.000	-38.000	62.000
50.000	0.000	16.000
26.000	40.000	44.000
-10.000	50.000	22.000
-20.000	54.000	34.000
2.000	-60.000	16.000
48.000	-46.000	-48.000
40.000	58.000	14.000
22.000	4.000	-44.000
-28.000	-32.000	58.000
-10.000	-4.000	-40.000
14.000	-74.000	24.000
24.000	16.000	62.000
-14.000	6.000	-22.000
54.000	-24.000	16.000
60.000	-60.000	-10.000
-8.000	38.000	36.000
-60.000	-60.000	26.000
-44.000	-52.000	36.000
-20.000	-86.000	36.000
-40.000	-22.000	-34.000
0.000	38.000	-18.000
-24.000	-28.000	62.000
42.000	54.000	10.000

// nullstudy36
// Subjects=57
8.000	20.000	12.000

// nullstudy37
// Subjects=8
12.000	-70.000	-20.000
-56.000	-46.000	16.000
46.000	-80.000	-18.000
-8.000	-8.000	28.000
2.000	-38.000	-28.000

// nullstudy38
// Subjects=23
-28.000	-76.000	-44.000
40.000	-48.000	22.000
20.000	-62.000	4.000
-24.000	-84.000	-22.000
32.000	20.000	-40.000
-30.000	-74.000	34.000
-34.000	4.000	54.000
52.000	-32.000	-4.000
16.000	42.000	8.000
-46.000	-20.000	-30.000
54.000	26.000	0.000
-12.000	36.000	-4.000
18.000	60.000	34.000
28.000	-22.000	-4.000
2.000	-44.000	22.000
32.000	-60.000	-40.000
30.000	-78.000	46.000
-48.000	-56.000	6.000
38.000	14.000	-14.000
-34.000	-30.000	-4.000
-4.000	-12.000	32.000
-2.000	64.000	-4.000
-22.000	-50.000	-6.000
-8.000	-20.000	-16.000
24.000	-36.000	-48.000
-34.000	-16.000	4.000
52.000	-54.000	-14.000
36.000	-32.000	14.000

// nullstudy39
// Subjects=15
-10.000	-64.000	20.000
12.000	-10.000	-4.000
10.000	6.000	14.000
20.000	-14.000	-16.000
-32.000	-16.000	-38.000
-8.000	-44.000	50.000
32.000	-40.000	60.000
-20.000	18.000	12.000
8.000	-4.000	48.000
-2.000	-78.000	-24.000
-10.000	6.000	62.000
28.000	40.000	50.000
10.000	-8.000	-26.000
24.000	-58.000	-48.000
-26.000	-64.000	42.000

// nullstudy40
// Subjects=11
14.000	32.000	14.000
-20.000	-34.000	-36.000
-4.000	-8.000	-2.000
-34.000	46.000	-12.000
6.000	-42.000	38.000
12.000	46.000	52.000
-6.000	50.000	-28.000
-56.000	-22.000	-24.000
24.000	32.000	16.000
2.000	14.000	50.000
-12.000	26.000	8.000
6.000	-48.000	58.000
-42.000	-54.000	-10.000
36.000	-66.000	-30.000
-4.000	-34.000	30.000

// nullstudy41
// Subjects=23
58.000	-50.000	-2.000
10.000	-22.000	16.000
36.000	52.000	-12.000
-50.000	30.000	32.000
-14.000	-58.000	52.000
-22.000	16.000	36.000
28.000	-64.000	-44.000
-8.000	-88.000	-26.000
-4.000	-70.000	-8.000
16.000	-20.000	-4.000
2.000	4.000	32.000
24.000	-86.000	-30.000
40.000	-72.000	28.000
-46.000	-80.000	24.000
16.000	-50.000	-14.000
-32.000	34.000	10.000
66.000	-12.000	32.000

// nullstudy42
// Subjects=12
54.000	30.000	2.000
-44.000	-20.000	-6.000
-32.000	-78.000	-50.000
46.000	28.000	20.000
-4.000	48.000	24.000
24.000	2.000	26.000
-22.000	-88.000	30.000
2.000	48.000	12.000
46.000	20.000	-34.000
-30.000	-80.000	-30.000
8.000	-28.000	44.000
-8.000	52.000	0.000
10.000	14.000	38.000
54.000	-14.000	-2.000
-14.000	6.000	56.000
-34.000	8.000	20.000
-40.000	4.000	-30.000
18.000	-28.000	-36.000
-58.000	-58.000	-10.000
52.000	-70.000	0.000
14.000	26.000	-18.000
32.000	6.000	-8.000

// nullstudy43
// Subjects=11
12.000	0.000	-36.000
24.000	-88.000	26.000
-14.000	-74.000	38.000
44.000	-38.000	-4.000
-28.000	-44.000	-52.000
40.000	46.000	6.000
-28.000	-4.000	-40.000
-46.000	-28.000	34.000
-20.000	-66.000	10.000
-18.000	-16.000	10.000
-18.000	-8.000	32.000
-44.000	-84.000	-10.000
34.000	2.000	14.000
-50.000	14.000	20.000
24.000	-48.000	-56.000
32.000	-74.000	36.000
12.000	-46.000	44.000
54.000	-8.000	40.000
-58.000	-14.000	6.000
0.000	-56.000	32.000
-16.000	-44.000	18.000
-52.000	10.000	-22.000
20.000	2.000	38.000
6.000	-28.000	50.000

// nullstudy44
// Subjects=23
40.000	16.000	-8.000
-6.000	-26.000	34.000
28.000	-20.000	18.000
-26.000	-40.000	-4.000
10.000	60.000	-8.000
36.000	42.000	-12.000
36.000	-18.000	-30.000
-60.000	-26.000	36.000
46.000	-16.000	-8.000

// nullstudy45
// Subjects=23
22.000	-52.000	-26.000
-46.000	-60.000	16.000
-44.000	-16.000	6.000
2.000	-18.000	-42.000
-18.000	22.000	-10.000
32.000	4.000	12.000
-22.000	-10.000	42.000
8.000	-46.000	12.000
-50.000	-24.000	36.000
22.000	-60.000	34.000
-18.000	36.000	20.000
8.000	48.000	-22.000

// nullstudy46
// Subjects=16
-24.000	-58.000	70.000
-16.000	-50.000	-22.000
50.000	-70.000	-2.000
30.000	18.000	14.000
46.000	-72.000	-18.000
22.000	-38.000	34.000
-30.000	52.000	12.000
-4.000	16.000	52.000
-12.000	10.000	26.000
-10.000	-24.000	72.000
20.000	66.000	16.000
-48.000	6.000	-4.000
-42.000	12.000	2.000
-2.000	46.000	-12.000
4.000	42.000	52.000
-18.000	-92.000	38.000
-2.000	26.000	64.000
2.000	26.000	46.000
0.000	42.000	-24.000
32.000	-70.000	38.000
-30.000	-30.000	34.000
-6.000	68.000	14.000
-12.000	4.000	-30.000
-28.000	-62.000	64.000

// nullstudy47
// Subjects=9
-6.000	22.000	26.000
-38.000	-18.000	14.000
-56.000	18.000	-2.000
-8.000	34.000	-26.000

// nullstudy48
// Subjects=23
12.000	38.000	2.000
-12.000	-64.000	-28.000
54.000	-32.000	-24.000
-64.000	-60.000	10.000

// nullstudy49
// Subjects=8
32.000	-80.000	-46.000
-40.000	42.000	-6.000
-14.000	34.000	32.000
-20.000	40.000	44.000
32.000	48.000	18.000
-34.000	-56.000	46.000
8.000	-62.000	48.000
22.000	-26.000	-20.000
-32.000	-12.000	-2.000
-14.000	-16.000	56.000
52.000	-62.000	-10.000
-54.000	-6.000	12.000
-4.000	8.000	50.000
-34.000	36.000	32.000
30.000	-80.000	-22.000

// nullstudy50
// Subjects=23
38.000	36.000	14.000
52.000	16.000	44.000
34.000	-2.000	14.000
-48.000	-34.000	60.000

// nullstudy51
// Subjects=67
26.000	-48.000	8.000
-34.000	-16.000	60.000
44.000	-54.000	-28.000
-42.000	-28.000	50.000
20.000	-64.000	32.000

// nullstudy52
// Subjects=37
34.000	-24.000	-22.000
48.000	-54.000	-4.000
58.000	-38.000	8.000
14.000	50.000	4.000
24.000	-34.000	50.000
-52.000	8.000	46.000
-26.000	42.000	24.000
-54.000	-18.000	54.000
-54.000	-46.000	50.000
-22.000	-12.000	38.000
-4.000	-40.000	-64.000
24.000	20.000	4.000

// nullstudy53
// Subjects=12
-42.000	-42.000	-44.000
-4.000	-42.000	-70.000
62.000	-40.000	-16.000
32.000	-72.000	-2.000
-52.000	-4.000	-16.000
36.000	-16.000	-2.000
-42.000	-78.000	-28.000
18.000	62.000	-20.000
-66.000	-24.000	6.000
4.000	-84.000	10.000
-18.000	2.000	-10.000
68.000	-44.000	-8.000
70.000	-34.000	0.000
-66.000	-48.000	10.000
8.000	14.000	-20.000
2.000	-20.000	-48.000
54.000	-52.000	-8.000
-54.000	10.000	-24.000
30.000	66.000	8.000
-66.000	-40.000	12.000
10.000	-48.000	-32.000
-26.000	-26.000	-30.000
-18.000	-28.000	44.000
-14.000	-86.000	26.000
-60.000	-42.000	32.000
-10.000	-6.000	34.000

// nullstudy54
// Subjects=20
-48.000	-4.000	34.000
-18.000	-60.000	6.000
20.000	60.000	-6.000
0.000	-68.000	62.000
42.000	6.000	24.000
28.000	54.000	14.000
-58.000	-46.000	-12.000
-10.000	28.000	38.000
-52.000	-2.000	6.000

// nullstudy55
// Subjects=20
16.000	-18.000	10.000
22.000	50.000	-4.000
2.000	32.000	8.000
4.000	26.000	48.000

// nullstudy56
// Subjects=37
20.000	-10.000	16.000
-40.000	0.000	54.000
22.000	-52.000	70.000
12.000	-50.000	-48.000

// nullstudy57
// Subjects=11
40.000	-26.000	-24.000

// nullstudy58
// Subjects=11
-28.000	30.000	12.000
56.000	4.000	-34.000
40.000	-30.000	-8.000
54.000	-12.000	46.000
-14.000	-48.000	28.000
-28.000	-66.000	18.000
-48.000	4.000	54.000
8.000	-10.000	50.000
52.000	32.000	-4.000
-8.000	22.000	64.000
-18.000	-90.000	-32.000
-30.000	-6.000	28.000
-50.000	-58.000	46.000
-14.000	-2.000	-34.000
-30.000	-50.000	-6.000
38.000	-66.000	50.000
14.000	16.000	30.000
36.000	44.000	8.000
40.000	-54.000	42.000
42.000	-62.000	-50.000
-36.000	2.000	-22.000
-24.000	-70.000	10.000

// nullstudy59
// Subjects=11
-36.000	20.000	8.000

// nullstudy60
// Subjects=11
40.000	-66.000	-48.000
62.000	-48.000	14.000
-62.000	-42.000	34.000
68.000	-36.000	20.000
-42.000	-62.000	26.000
-20.000	48.000	-10.000
22.000	-40.000	8.000
-4.000	-46.000	-38.000
-2.000	-24.000	-42.000
46.000	-24.000	22.000
44.000	52.000	14.000
-50.000	-54.000	-6.000
32.000	16.000	16.000
-4.000	-56.000	-8.000
64.000	-42.000	2.000
-54.000	-24.000	6.000
-20.000	24.000	52.000
2.000	-22.000	12.000
10.000	-42.000	46.000
0.000	-46.000	-6.000
28.000	-24.000	74.000
-12.000	50.000	10.000
36.000	-84.000	-34.000
-44.000	28.000	8.000
2.000	-14.000	-12.000
-16.000	-34.000	-16.000

// nullstudy61
// Subjects=12
-30.000	-68.000	0.000
-26.000	-66.000	10.000
-56.000	-16.000	-2.000
4.000	-28.000	38.000
8.000	-50.000	62.000
30.000	-50.000	-48.000
-38.000	16.000	-42.000
24.000	-48.000	-36.000
-18.000	-66.000	12.000
-52.000	-78.000	-2.000
18.000	30.000	24.000
60.000	-50.000	14.000
36.000	0.000	-42.000

// nullstudy62
// Subjects=37
-48.000	18.000	-20.000
-10.000	-46.000	-34.000
-12.000	-36.000	42.000
-20.000	-34.000	-28.000
10.000	-90.000	-38.000
30.000	-44.000	52.000
-2.000	-24.000	12.000
-26.000	-64.000	-24.000
4.000	-22.000	72.000
-18.000	-32.000	32.000
-34.000	46.000	22.000
-40.000	-34.000	46.000

// nullstudy63
// Subjects=23
-36.000	6.000	32.000
-34.000	54.000	24.000
-6.000	-78.000	44.000
-30.000	-86.000	-12.000
-24.000	-20.000	28.000
30.000	-44.000	-8.000
56.000	14.000	-22.000
-32.000	-44.000	70.000
-8.000	-44.000	22.000
60.000	-30.000	40.000

// nullstudy64
// Subjects=15
-10.000	-66.000	42.000
-56.000	16.000	20.000
12.000	-78.000	58.000
18.000	-56.000	-16.000
0.000	14.000	-18.000
-48.000	-26.000	-28.000
40.000	-2.000	38.000
6.000	34.000	-22.000
32.000	-28.000	50.000
-8.000	40.000	-24.000
-20.000	-32.000	26.000
58.000	-52.000	24.000

// nullstudy65
// Subjects=12
64.000	-4.000	-16.000

// nullstudy66
// Subjects=20
40.000	-12.000	60.000
16.000	10.000	60.000
18.000	12.000	66.000
66.000	-40.000	-6.000
-38.000	18.000	-40.000

// nullstudy67
// Subjects=20
48.000	-54.000	28.000
2.000	-78.000	30.000
42.000	-64.000	14.000
-30.000	-38.000	-16.000

// nullstudy68
// Subjects=23
-22.000	-36.000	56.000
-42.000	-54.000	6.000
-4.000	-60.000	-26.000
-2.000	26.000	30.000
52.000	6.000	-12.000
-32.000	-54.000	-50.000
58.000	-26.000	26.000
42.000	50.000	-8.000
-50.000	32.000	30.000

// nullstudy69
// Subjects=37
-34.000	12.000	-18.000
24.000	-50.000	36.000
-32.000	-8.000	66.000
-16.000	-54.000	54.000
8.000	-30.000	38.000
60.000	20.000	4.000
-62.000	-58.000	4.000
-14.000	34.000	24.000
50.000	16.000	-4.000
38.000	4.000	38.000
50.000	4.000	-16.000
-26.000	-44.000	2.000

// nullstudy70
// Subjects=30
-24.000	-88.000	-16.000
-52.000	-4.000	40.000
-4.000	-84.000	16.000
12.000	-42.000	70.000
12.000	-42.000	48.000
40.000	24.000	22.000
6.000	38.000	14.000
-12.000	-28.000	60.000
42.000	22.000	30.000
-8.000	-16.000	-26.000
-26.000	-10.000	-12.000
4.000	-42.000	-44.000
-24.000	-74.000	2.000
-54.000	-62.000	-22.000
-18.000	-56.000	2.000
46.000	12.000	54.000
-4.000	-48.000	-64.000
6.000	-62.000	-8.000
32.000	26.000	20.000
-24.000	16.000	-20.000
8.000	-42.000	-12.000
-8.000	-34.000	-58.000
-8.000	6.000	74.000
2.000	16.000	62.000
46.000	-66.000	-34.000
-20.000	8.000	-20.000
28.000	-12.000	26.000
32.000	-72.000	-40.000

// nullstudy71
// Subjects=8
26.000	0.000	-42.000
-8.000	0.000	46.000
50.000	-46.000	34.000
52.000	10.000	-36.000
36.000	-64.000	-18.000
22.000	46.000	18.000
0.000	-76.000	54.000
54.000	-52.000	-42.000
-4.000	-78.000	-4.000
20.000	58.000	-6.000

// nullstudy72
// Subjects=23
12.000	-34.000	6.000

// nullstudy73
// Subjects=29
54.000	-28.000	10.000
44.000	38.000	26.000
28.000	-84.000	10.000
54.000	-62.000	28.000
-6.000	-60.000	-58.000
38.000	-46.000	-38.000
-58.000	-28.000	-30.000
-22.000	-56.000	24.000
-52.000	10.000	4.000
-10.000	-14.000	-10.000
-38.000	-64.000	-14.000
58.000	30.000	10.000
18.000	42.000	42.000
48.000	42.000	10.000
-8.000	-90.000	14.000
10.000	-24.000	56.000
-6.000	-2.000	2.000
38.000	-58.000	12.000
16.000	22.000	-24.000
-22.000	30.000	56.000
-18.000	36.000	54.000
14.000	42.000	2.000

// nullstudy74
// Subjects=23
-64.000	-8.000	34.000

// nullstudy75
// Subjects=20
-44.000	-32.000	-14.000
22.000	28.000	-18.000
12.000	-38.000	50.000
-20.000	-2.000	30.000
-20.000	12.000	-24.000
16.000	-40.000	44.000
52.000	-36.000	-2.000
0.000	-50.000	0.000
6.000	-86.000	-12.000
-10.000	-26.000	-28.000
48.000	-32.000	56.000
48.000	-66.000	36.000
-30.000	-66.000	60.000
-14.000	-58.000	-22.000
-56.000	32.000	0.000
18.000	-40.000	10.000
52.000	8.000	48.000
14.000	-34.000	4.000
28.000	-16.000	-30.000
16.000	-78.000	6.000
-22.000	-4.000	50.000
16.000	-88.000	4.000
12.000	34.000	-16.000
54.000	-34.000	-24.000
-44.000	14.000	-8.000
18.000	-4.000	0.000
36.000	20.000	-36.000
28.000	-72.000	-22.000

// nullstudy76
// Subjects=11
52.000	-34.000	56.000
-28.000	6.000	66.000
-42.000	8.000	-30.000
24.000	-72.000	-44.000
44.000	-62.000	42.000
-6.000	-66.000	-46.000
-4.000	-90.000	14.000
62.000	-38.000	20.000
18.000	-22.000	26.000
6.000	-54.000	-20.000
32.000	42.000	16.000
22.000	-38.000	58.000
-32.000	-86.000	-2.000

// nullstudy77
// Subjects=9
26.000	46.000	44.000
22.000	64.000	16.000
6.000	-58.000	20.000
2.000	34.000	24.000
-50.000	4.000	10.000
24.000	-36.000	4.000
-26.000	-50.000	68.000
62.000	-36.000	-10.000

// nullstudy78
// Subjects=14
54.000	-22.000	22.000
42.000	-8.000	-4.000
-26.000	4.000	-14.000
10.000	-44.000	-58.000
-26.000	-4.000	50.000
-26.000	-34.000	58.000
40.000	36.000	24.000
-40.000	-74.000	-14.000
56.000	-36.000	-16.000

// nullstudy79
// Subjects=9
62.000	-16.000	18.000
-6.000	-64.000	0.000
-32.000	-54.000	-50.000
16.000	-38.000	-24.000
-42.000	-68.000	-18.000
58.000	-32.000	0.000
-30.000	50.000	14.000
-52.000	-12.000	-26.000
8.000	30.000	-6.000
4.000	2.000	-4.000
-44.000	6.000	-40.000

// nullstudy80
// Subjects=23
60.000	8.000	6.000
-10.000	28.000	22.000
-10.000	42.000	46.000
-22.000	14.000	14.000
20.000	-42.000	-28.000
-44.000	24.000	40.000
18.000	-68.000	-4.000
-42.000	-54.000	-34.000
-14.000	50.000	-4.000
32.000	6.000	-30.000
-30.000	-80.000	-24.000
44.000	-44.000	18.000
-8.000	-48.000	28.000
-10.000	-52.000	-62.000
28.000	-6.000	34.000

// nullstudy81
// Subjects=11
-2.000	26.000	52.000
-30.000	24.000	28.000
-54.000	-26.000	50.000
-62.000	-20.000	-12.000
-30.000	-74.000	36.000
-12.000	-74.000	-40.000
46.000	20.000	-26.000
68.000	-8.000	-12.000
18.000	-32.000	-38.000
-40.000	24.000	0.000
-30.000	-18.000	4.000
44.000	-42.000	-10.000
-32.000	-62.000	48.000
-2.000	42.000	0.000
28.000	-54.000	72.000

// nullstudy82
// Subjects=12
36.000	-86.000	30.000
-36.000	-64.000	-22.000
-6.000	-90.000	22.000
0.000	28.000	34.000
-20.000	-32.000	30.000
-26.000	-88.000	-26.000
14.000	-32.000	-18.000
16.000	-52.000	-8.000
-16.000	-52.000	18.000
20.000	-72.000	58.000
24.000	54.000	-12.000
-34.000	4.000	32.000
-16.000	-86.000	16.000
-38.000	-50.000	-6.000
10.000	48.000	38.000
-8.000	4.000	32.000
12.000	-48.000	68.000
18.000	-94.000	8.000
-38.000	-20.000	18.000
28.000	10.000	14.000
36.000	6.000	-46.000
-42.000	-18.000	0.000
-48.000	34.000	-14.000
14.000	-16.000	-20.000

// nullstudy83
// Subjects=20
12.000	8.000	54.000
-52.000	22.000	-8.000
28.000	-22.000	44.000
-30.000	22.000	42.000
-12.000	-34.000	68.000
-58.000	4.000	-32.000
-6.000	56.000	26.000
-36.000	-12.000	64.000
-28.000	-64.000	2.000
-20.000	22.000	38.000

// nullstudy84
// Subjects=57
14.000	-56.000	-14.000
-20.000	58.000	2.000
38.000	-70.000	-26.000
-12.000	-54.000	44.000
16.000	-52.000	-22.000
-40.000	6.000	20.000
50.000	10.000	4.000
-34.000	-12.000	-28.000
-24.000	-8.000	56.000
0.000	-78.000	40.000
50.000	24.000	24.000
-2.000	40.000	42.000
2.000	54.000	22.000
8.000	-50.000	-24.000
28.000	-98.000	-14.000
-44.000	-20.000	-10.000
46.000	-34.000	56.000
-30.000	-82.000	4.000
20.000	44.000	44.000
-20.000	-48.000	-8.000
-34.000	-36.000	50.000
-8.000	18.000	-22.000
-38.000	-18.000	-14.000
24.000	-10.000	58.000
20.000	-74.000	4.000
18.000	-42.000	-4.000
-58.000	-6.000	34.000
4.000	-6.000	38.000

// nullstudy85
// Subjects=8
44.000	6.000	34.000
-10.000	34.000	8.000
12.000	-94.000	30.000
-4.000	-60.000	-22.000
6.000	36.000	-26.000
30.000	-90.000	-10.000
-22.000	66.000	6.000
22.000	-42.000	-16.000
-50.000	-72.000	-28.000
-56.000	14.000	2.000
32.000	-32.000	-2.000
-22.000	-94.000	14.000
-14.000	-78.000	-2.000
30.000	38.000	28.000
-4.000	-58.000	42.000
18.000	10.000	-26.000
58.000	-4.000	10.000
14.000	-44.000	64.000
18.000	-48.000	78.000
46.000	2.000	-12.000
-16.000	18.000	64.000
-28.000	42.000	22.000
56.000	16.000	-2.000
-8.000	22.000	12.000

// nullstudy86
// Subjects=30
20.000	36.000	56.000
2.000	20.000	22.000
42.000	-64.000	56.000
-44.000	-4.000	28.000
2.000	34.000	54.000
-26.000	-72.000	22.000
-52.000	-44.000	8.000
-28.000	-70.000	18.000

// nullstudy87
// Subjects=37
28.000	-88.000	12.000
-62.000	-40.000	-4.000
-16.000	-44.000	60.000
-30.000	-86.000	-2.000
40.000	40.000	-16.000
44.000	-52.000	52.000
-18.000	-72.000	22.000
-64.000	-16.000	16.000
28.000	-36.000	54.000
42.000	-8.000	42.000
-50.000	34.000	4.000
6.000	-78.000	16.000

// nullstudy88
// Subjects=11
46.000	-84.000	0.000
44.000	-2.000	-44.000
-62.000	-46.000	36.000
42.000	2.000	-34.000
-32.000	-54.000	62.000
40.000	26.000	48.000
2.000	20.000	12.000
26.000	-52.000	24.000
-30.000	44.000	8.000
-36.000	-16.000	-28.000
-10.000	-62.000	-6.000
-20.000	26.000	58.000
-58.000	-26.000	16.000
10.000	-20.000	76.000
-30.000	-68.000	38.000
-40.000	-44.000	20.000
-22.000	-54.000	70.000
-38.000	-54.000	30.000
-48.000	-8.000	-16.000
-2.000	-40.000	12.000
-48.000	-34.000	38.000
68.000	-22.000	22.000
6.000	2.000	60.000
-16.000	-22.000	6.000
42.000	-20.000	16.000
-6.000	-18.000	58.000
-42.000	-62.000	10.000
-22.000	-76.000	-4.000

// nullstudy89
// Subjects=37
-18.000	-2.000	68.000
-42.000	-24.000	6.000
28.000	56.000	0.000
-30.000	-50.000	32.000
46.000	44.000	28.000
34.000	10.000	-26.000
20.000	-52.000	36.000
-2.000	-6.000	-2.000
38.000	-30.000	54.000
-44.000	40.000	12.000
38.000	-40.000	-46.000
42.000	34.000	0.000
42.000	-12.000	2.000

// nullstudy90
// Subjects=11
34.000	-48.000	26.000

// nullstudy91
// Subjects=11
58.000	-12.000	24.000
-24.000	-2.000	12.000
28.000	-40.000	4.000
-34.000	34.000	-18.000
14.000	-60.000	68.000
56.000	-32.000	-8.000
60.000	-4.000	2.000
-14.000	-54.000	-32.000
-48.000	-60.000	-32.000
12.000	62.000	34.000
-52.000	-78.000	16.000
-28.000	-46.000	48.000

// nullstudy92
// Subjects=8
44.000	-56.000	50.000
-12.000	-12.000	-2.000
36.000	-62.000	-16.000
-32.000	-24.000	34.000
40.000	24.000	10.000
-46.000	32.000	18.000
-40.000	0.000	-8.000
-38.000	-82.000	-2.000
18.000	-40.000	-6.000
18.000	46.000	-14.000
0.000	-100.000	-4.000
-40.000	12.000	-6.000
12.000	-14.000	-18.000
-20.000	-12.000	60.000
-6.000	-54.000	32.000

// nullstudy93
// Subjects=12
16.000	-78.000	28.000
2.000	-48.000	-36.000
-20.000	-24.000	-12.000
-36.000	4.000	-48.000
-40.000	54.000	-6.000
-54.000	38.000	6.000
4.000	-78.000	-6.000
-20.000	-4.000	68.000
-16.000	-8.000	78.000
10.000	-44.000	-34.000
-20.000	-44.000	60.000
18.000	60.000	16.000
4.000	-2.000	66.000
-40.000	-24.000	16.000
36.000	22.000	38.000
-36.000	-42.000	40.000
14.000	-76.000	22.000
-44.000	36.000	6.000
-54.000	-50.000	50.000
-2.000	64.000	24.000
0.000	-20.000	72.000
-12.000	-42.000	-32.000
46.000	-18.000	-6.000
34.000	-70.000	28.000

// nullstudy94
// Subjects=9
68.000	-30.000	18.000
-4.000	-24.000	-4.000
28.000	26.000	56.000
14.000	-48.000	-16.000
10.000	-8.000	74.000
56.000	26.000	2.000
-30.000	-60.000	48.000
-18.000	-80.000	28.000
-2.000	-58.000	68.000
-30.000	-60.000	-12.000
12.000	-90.000	-8.000
44.000	42.000	10.000

// nullstudy95
// Subjects=23
50.000	36.000	8.000
-34.000	-68.000	28.000
36.000	0.000	-24.000
44.000	-42.000	18.000
36.000	-12.000	0.000
-54.000	2.000	-16.000
24.000	-88.000	-38.000
-18.000	2.000	4.000
-20.000	12.000	40.000
18.000	6.000	72.000
6.000	-48.000	42.000
60.000	-52.000	10.000
26.000	-24.000	60.000
-28.000	-74.000	-48.000
-14.000	-56.000	48.000

// nullstudy96
// Subjects=37
16.000	-42.000	-18.000
-40.000	8.000	48.000
-20.000	-92.000	-4.000
-36.000	-70.000	-8.000
-30.000	-54.000	-54.000
-52.000	-36.000	40.000
-36.000	-30.000	0.000
-22.000	4.000	14.000
0.000	-42.000	16.000
0.000	28.000	52.000
16.000	10.000	46.000
-22.000	-46.000	4.000
30.000	-62.000	-62.000
22.000	34.000	-22.000
42.000	20.000	24.000

// nullstudy97
// Subjects=16
-58.000	-34.000	50.000
2.000	-30.000	-4.000
58.000	-28.000	18.000
-18.000	-24.000	48.000
-40.000	-22.000	-12.000
-42.000	-4.000	28.000
28.000	-40.000	-28.000
36.000	-16.000	40.000
-48.000	-20.000	54.000
18.000	10.000	-20.000
-50.000	-48.000	-26.000
-22.000	18.000	56.000
54.000	-42.000	14.000
-30.000	0.000	68.000
0.000	-58.000	-18.000
-44.000	-78.000	20.000
8.000	-48.000	64.000
-8.000	14.000	40.000
20.000	26.000	-20.000
12.000	-58.000	-64.000
24.000	-6.000	40.000
8.000	-98.000	12.000
-4.000	-86.000	-12.000
-6.000	-70.000	-18.000
-44.000	-18.000	-8.000
0.000	-4.000	-12.000

// nullstudy98
// Subjects=8
14.000	-62.000	60.000
22.000	22.000	42.000
32.000	10.000	-28.000
-26.000	-84.000	2.000
14.000	-22.000	-12.000
-14.000	-74.000	-10.000
-20.000	-24.000	10.000
36.000	-60.000	-26.000
0.000	-6.000	22.000
42.000	-14.000	-38.000
58.000	-4.000	-24.000

// nullstudy99
// Subjects=20
46.000	8.000	-18.000
-38.000	-68.000	2.000
10.000	-92.000	-26.000
-12.000	-66.000	-16.000
-2.000	-68.000	-26.000

// nullstudy100
// Subjects=20
6.000	-44.000	-60.000
18.000	-50.000	6.000
28.000	-12.000	72.000
-50.000	-76.000	12.000
-24.000	-18.000	76.000
56.000	-50.000	14.000
42.000	-2.000	46.000
48.000	-64.000	-10.000
62.000	-6.000	30.000
24.000	-2.000	32.000
36.000	-54.000	-48.000
46.000	0.000	-14.000

// nullstudy101
// Subjects=9
-10.000	-50.000	40.000
4.000	14.000	30.000
54.000	-4.000	-16.000
56.000	-4.000	-4.000
50.000	-48.000	-24.000
-60.000	-42.000	14.000
-50.000	-6.000	-38.000
20.000	-80.000	22.000
-58.000	6.000	2.000
16.000	-44.000	30.000
26.000	-54.000	70.000

// nullstudy102
// Subjects=9
-56.000	-56.000	-18.000
2.000	4.000	34.000
18.000	-84.000	-8.000
-8.000	-58.000	-62.000
72.000	-30.000	-2.000
16.000	-12.000	-20.000
56.000	34.000	12.000
40.000	54.000	-10.000
22.000	-36.000	-24.000
40.000	-72.000	-14.000
-34.000	-86.000	-16.000
-38.000	-44.000	54.000
-16.000	28.000	14.000
34.000	-46.000	56.000
-24.000	-34.000	44.000

// nullstudy103
// Subjects=67
52.000	22.000	26.000

// nullstudy104
// Subjects=16
-14.000	-48.000	64.000
2.000	36.000	-18.000
62.000	-52.000	22.000
-30.000	34.000	14.000
30.000	-68.000	4.000
-30.000	24.000	46.000
-8.000	-64.000	-46.000
8.000	-62.000	64.000
12.000	56.000	-18.000
0.000	-8.000	0.000
54.000	42.000	2.000
22.000	34.000	0.000
52.000	-42.000	42.000
-38.000	-30.000	50.000
28.000	-76.000	-42.000

// nullstudy105
// Subjects=9
-26.000	-10.000	-44.000
