// Reference=MNI
// aylward2005
// Subjects=11
47.120	-45.939	-11.908
-41.479	-69.648	-7.787
42.921	-61.654	-8.312
39.891	-69.734	11.359
-51.179	-20.037	1.546
8.887	18.900	45.544

// balsamo2002
// Subjects=11
-52.168	-38.991	4.262
-62.926	-24.422	0.934
-63.031	-10.133	-6.955
67.395	-15.353	-3.554
54.708	-38.179	5.197
63.273	-37.957	7.310
-7.108	-104.966	0.356
-30.575	-102.478	7.108
-11.218	-107.680	20.704
16.558	-105.398	20.194
27.145	-106.362	6.771
35.579	-98.708	-5.120
-60.762	-59.275	-9.551
26.884	-87.099	-19.376
35.360	-76.816	-24.797
48.160	-65.994	-23.621
-7.279	-36.436	5.763
3.351	-80.895	-19.626
-37.415	-47.644	-26.407
7.219	64.308	-14.005
-3.483	64.073	-16.092
26.445	62.138	-16.274
-43.649	-72.204	-13.124
56.416	12.305	-30.282
-22.669	64.472	-9.214
-52.110	18.736	35.107

// bauer2017
// Subjects=14
39.000	-64.000	-26.000
-6.000	8.000	64.000
-33.000	-67.000	46.000
-21.000	-31.000	-2.000
-6.000	-28.000	28.000
-9.000	47.000	-23.000
33.000	26.000	1.000
-9.000	-13.000	13.000
51.000	-58.000	46.000
33.000	26.000	34.000
66.000	-40.000	1.000
24.000	-25.000	-5.000

// gaillard2001
// Subjects=9
-21.092	-91.732	-6.169
-49.928	13.718	38.848
-56.520	-34.329	-3.885
-53.552	29.135	-9.241

// gaillard2003
// Subjects=16
-0.685	20.414	52.219
-45.699	14.373	33.169
-58.868	15.099	-11.349
-12.033	59.621	-17.851
37.290	24.306	-10.995
-17.769	-106.974	2.877
-11.703	3.720	2.446
20.701	-102.342	4.277
-0.832	-22.852	15.701
11.814	1.746	2.341
-53.767	-72.958	60.659
-2.868	41.892	54.903
-56.769	38.889	-6.677

// krishnan2015
// Subjects=37
-6.000	-102.000	10.000
-8.000	16.000	46.000
44.000	-10.000	38.000
40.000	16.000	6.000
58.000	12.000	-6.000

// krishnan2021
// Subjects=67
-6.000	28.000	30.000
12.000	28.000	36.000
38.000	22.000	-6.000
-4.000	18.000	48.000
-32.000	24.000	-4.000
-50.000	-6.000	24.000
-48.000	-12.000	36.000
58.000	-2.000	20.000
48.000	-6.000	32.000
30.000	-4.000	-36.000
14.000	-18.000	0.000
12.000	-24.000	-12.000
-12.000	-26.000	-12.000
42.000	-22.000	10.000
54.000	-28.000	4.000
-56.000	-42.000	10.000
32.000	-64.000	-50.000
20.000	-76.000	-42.000
40.000	-74.000	-12.000
-34.000	-88.000	-10.000
-32.000	-90.000	-4.000
32.000	-92.000	-4.000

// scherf2007adol
// Subjects=10
42.758	-50.165	-24.886
49.466	-76.706	2.912
65.463	-49.490	9.368
59.735	-4.080	-22.255
12.229	-58.756	31.945
-40.171	-71.558	22.468
-49.279	18.158	-13.946
42.580	27.082	-16.865
6.571	62.069	39.720
-4.847	1.783	59.405
-4.546	48.749	-21.486
46.408	-3.796	51.478
23.973	3.814	55.558
29.503	-64.514	52.303
-9.998	-65.465	57.297
31.378	-81.502	11.329
-27.281	-87.257	24.752
49.317	-57.386	-8.743
-46.813	-62.993	-3.823
20.608	-91.225	-3.345
-12.503	-93.453	-1.663
28.987	-41.304	-5.398
-25.455	-49.833	-0.711
-21.704	-71.623	61.294
35.900	-49.243	56.525
-13.407	-98.347	17.716
-56.219	-32.302	36.089
44.002	-62.620	-7.128
-42.534	-59.623	-1.925
13.129	-84.668	-0.464
24.728	-77.424	-17.932
-27.601	-77.395	-12.873
36.707	-91.501	5.415
-34.970	-1.595	32.154

// scherf2007child
// Subjects=10
46.072	-72.094	-19.740
-15.131	60.715	-3.410
16.669	-80.079	44.834
-13.160	-74.916	59.241
7.859	-40.005	27.077
32.621	-75.296	36.443
-22.011	-81.394	17.509
23.814	-89.005	-2.453
-22.119	-89.109	0.314
15.261	-90.200	-3.370
-18.894	-98.778	-1.143
21.352	-31.974	-21.705
-28.682	-55.568	-5.769
32.682	-50.491	54.436
-20.774	-57.670	48.961
-22.869	-82.517	44.378
34.647	-70.939	23.787
20.644	-98.541	-1.617
-22.928	-87.517	34.761
-8.279	-102.743	-12.084
45.077	-75.731	-11.617
-41.569	-63.989	-17.182
24.626	-41.129	-16.514
-21.248	-84.557	-23.497

// scherf2010
// Subjects=10
43.795	-43.900	-26.539
-40.552	-54.637	-20.209
54.824	-62.242	10.559
60.148	-50.322	12.844
53.768	-58.820	13.630
-66.183	-31.557	-8.467
-43.074	20.456	-39.860
-40.046	-59.271	43.741
0.015	63.833	21.805
-5.533	45.198	-12.255
9.894	51.228	50.628
23.844	26.648	48.068
6.591	61.183	42.025
1.377	42.718	51.440
34.049	63.467	0.255
-15.676	35.385	54.481
-17.940	41.746	40.591
-1.242	68.457	-0.873
36.611	7.464	32.803
-46.611	11.593	52.371
-50.367	30.040	-11.584
-35.304	-79.752	-42.697
28.962	-43.762	-9.652
-24.456	-47.254	-8.746
18.451	-88.151	-4.693
-3.945	-91.115	0.273
33.611	-77.204	25.440
-21.958	-84.138	23.314
23.194	-64.582	65.763
-7.807	-65.996	64.008
67.597	-12.154	24.055
63.240	10.026	22.245
-32.001	15.744	8.362
-40.596	34.983	10.193
45.041	-64.013	-11.484
-42.531	-69.483	-5.559
25.802	-65.272	-12.273
-24.418	-66.630	-11.582
8.879	-84.437	2.911
34.579	-82.626	10.271
-22.037	-88.253	11.393
38.055	-44.658	60.576
-30.328	-51.584	59.712
-57.270	-27.737	40.179
64.420	-15.174	26.575
-46.713	-30.101	22.412
-45.919	34.065	12.561

// szaflarski2006
// Subjects=29
33.004	25.252	-12.141
-52.180	-33.618	4.927
46.115	-28.799	3.394
-9.423	-2.470	18.552
-9.598	-13.070	-8.437
-47.930	18.876	22.780
20.758	-83.082	19.389
-26.045	-72.334	52.482
-4.964	17.044	50.320
-5.183	41.137	31.574

// wu2016
// Subjects=30
39.000	-13.000	-6.000
51.000	-1.000	-14.000
-21.000	-22.000	-18.000
-51.000	-1.000	-10.000
-57.000	-16.000	-2.000
-12.000	-1.000	46.000
21.000	-88.000	30.000
30.000	-70.000	22.000
-30.000	23.000	-2.000
-39.000	38.000	6.000
-42.000	20.000	-10.000
39.000	-19.000	54.000

