// Reference=MNI
// arnoldussen2006nc
// Subjects=11
13.807	-46.707	33.481
53.986	-38.108	50.253
-41.695	18.753	27.514
53.661	-4.812	-6.399
-24.658	-78.872	-6.092
34.924	-87.221	-2.396
4.227	-31.767	44.494
64.289	-37.614	14.407
-37.452	-59.209	-8.040
-44.843	-11.993	-5.112
37.666	-61.768	-10.695
18.242	-65.559	32.892

// arnoldussen2006rm
// Subjects=11
-27.594	-71.719	-9.669
1.117	-36.844	41.052
-38.666	13.330	30.053
58.235	-37.692	33.219
62.480	-35.127	16.450
26.376	-75.297	-11.215
15.464	-91.296	-5.176
37.477	-87.757	-4.053
-0.957	39.244	38.375
39.276	-50.604	-19.233
2.931	10.768	-9.577

// aylward2005
// Subjects=11
47.120	-45.939	-11.908
-41.479	-69.648	-7.787
42.921	-61.654	-8.312
39.891	-69.734	11.359
-51.179	-20.037	1.546
8.887	18.900	45.544

// brauer2007
// Subjects=12
-46.156	17.321	-25.064
-49.239	11.985	-11.198
-61.855	-9.013	7.435
-45.974	-3.857	-9.907
-45.803	-15.261	7.775
-55.264	-43.355	16.931
-42.403	-39.592	23.159
-49.153	9.584	-0.961
-42.740	16.223	1.754
-33.197	15.510	-8.333
-36.267	13.604	8.590
-58.359	-52.120	27.738
-3.997	25.882	40.646
-20.216	0.754	6.138
-32.864	9.077	32.350
56.564	9.446	-12.201
63.061	0.482	-4.832
50.213	0.148	-8.003
53.528	-15.180	-0.064
37.597	-20.849	10.631
63.242	-27.297	7.532
12.078	6.688	38.726
5.778	-71.283	21.918
11.672	-63.438	-42.374

// dekker2014old
// Subjects=10
-28.000	-82.000	14.000
50.000	-60.000	-8.000
24.000	-68.000	56.000
-48.000	-64.000	-12.000
-38.000	26.000	18.000
-26.000	-52.000	-14.000
-44.000	6.000	28.000
18.000	-94.000	8.000
46.000	-76.000	-2.000
-20.000	-88.000	10.000

// dekker2014yng
// Subjects=11
-36.000	-52.000	52.000
30.000	-78.000	16.000
-48.000	-64.000	-8.000
52.000	-60.000	-18.000
-50.000	6.000	26.000
-24.000	-12.000	50.000
18.000	-94.000	6.000

// horowitzkraus2015
// Subjects=23
34.000	-70.000	36.000
2.000	-62.000	40.000
6.000	52.000	42.000
44.000	-54.000	30.000
52.000	-52.000	2.000
30.000	-48.000	46.000
20.000	-50.000	-4.000
2.000	32.000	38.000
44.000	-64.000	6.000
48.000	28.000	14.000
22.000	-32.000	-10.000
38.000	4.000	32.000
34.000	-50.000	-10.000
46.000	-50.000	-8.000
44.000	16.000	24.000
32.000	-66.000	-6.000
-24.000	-68.000	44.000
0.000	28.000	50.000
-38.000	14.000	42.000
-38.000	2.000	34.000
-30.000	-52.000	46.000
-40.000	-56.000	32.000
-42.000	16.000	22.000
-22.000	-34.000	-8.000
-32.000	18.000	0.000
-40.000	22.000	4.000
-38.000	-52.000	-6.000
-38.000	-52.000	14.000

// kersey2016
// Subjects=29
22.455	-75.549	-34.791
-20.273	55.080	20.541
-5.431	66.031	9.416
-20.800	-16.203	62.212
19.274	62.004	23.967
7.380	67.079	8.065
65.244	4.267	2.631
57.633	34.716	-2.065
3.258	65.338	27.217
-48.227	-9.470	-27.254
-54.669	-13.109	-32.451
-28.880	-30.160	-21.280
-32.146	-16.519	-23.502
34.054	-15.579	-31.032
-19.755	-90.041	29.360
18.620	-87.495	17.554
-48.906	-72.436	-1.892
35.418	-50.954	-6.893
-44.214	-37.321	66.482
26.300	-44.729	60.717
-57.373	-21.106	29.587
37.435	-2.758	-3.151
-44.693	-19.227	11.441
-40.844	4.950	-34.124
-41.504	-21.580	8.256
-48.177	-2.355	-17.814
-48.315	9.392	-31.065
66.405	-9.045	9.310
64.049	12.835	-10.341
70.568	-13.476	-7.094

// krishnan2015
// Subjects=37
-6.000	-102.000	10.000
-8.000	16.000	46.000
44.000	-10.000	38.000
40.000	16.000	6.000
58.000	12.000	-6.000

// krishnan2021
// Subjects=67
-6.000	28.000	30.000
12.000	28.000	36.000
38.000	22.000	-6.000
-4.000	18.000	48.000
-32.000	24.000	-4.000
-50.000	-6.000	24.000
-48.000	-12.000	36.000
58.000	-2.000	20.000
48.000	-6.000	32.000
30.000	-4.000	-36.000
14.000	-18.000	0.000
12.000	-24.000	-12.000
-12.000	-26.000	-12.000
42.000	-22.000	10.000
54.000	-28.000	4.000
-56.000	-42.000	10.000
32.000	-64.000	-50.000
20.000	-76.000	-42.000
40.000	-74.000	-12.000
-34.000	-88.000	-10.000
-32.000	-90.000	-4.000
32.000	-92.000	-4.000

// mooreparks2010
// Subjects=23
-52.176	-32.475	5.946
61.049	-14.706	5.386
-7.267	-12.145	17.108
-2.799	9.655	50.915
-0.862	-60.517	-3.443
35.293	23.549	6.934
-0.621	-97.556	13.042
-26.830	-2.484	-21.394
35.058	-5.255	-35.255
63.604	-34.530	51.627
-58.460	-7.023	32.879
-39.162	-78.753	11.908
29.106	32.425	39.717
-32.906	31.711	36.028
18.791	-75.837	44.454

// passarotti2003
// Subjects=12
41.703	-42.341	-19.954
-41.648	-42.840	-18.955
63.141	-41.528	-11.347
-61.133	42.322	-16.952
54.578	-56.010	-18.956
-54.408	-59.836	-17.383
-60.832	-6.177	2.725
-41.620	-20.579	-6.325
0.307	-23.217	24.641
32.553	-32.057	45.085
-24.016	-29.511	55.558
-2.913	46.922	51.136
-40.155	8.802	56.991
6.189	19.663	-26.977
65.276	25.471	15.350

// scherf2007adol
// Subjects=10
42.758	-50.165	-24.886
49.466	-76.706	2.912
65.463	-49.490	9.368
59.735	-4.080	-22.255
12.229	-58.756	31.945
-40.171	-71.558	22.468
-49.279	18.158	-13.946
42.580	27.082	-16.865
6.571	62.069	39.720
-4.847	1.783	59.405
-4.546	48.749	-21.486
46.408	-3.796	51.478
23.973	3.814	55.558
29.503	-64.514	52.303
-9.998	-65.465	57.297
31.378	-81.502	11.329
-27.281	-87.257	24.752
49.317	-57.386	-8.743
-46.813	-62.993	-3.823
20.608	-91.225	-3.345
-12.503	-93.453	-1.663
28.987	-41.304	-5.398
-25.455	-49.833	-0.711
-21.704	-71.623	61.294
35.900	-49.243	56.525
-13.407	-98.347	17.716
-56.219	-32.302	36.089
44.002	-62.620	-7.128
-42.534	-59.623	-1.925
13.129	-84.668	-0.464
24.728	-77.424	-17.932
-27.601	-77.395	-12.873
36.707	-91.501	5.415
-34.970	-1.595	32.154

// scherf2007child
// Subjects=10
46.072	-72.094	-19.740
-15.131	60.715	-3.410
16.669	-80.079	44.834
-13.160	-74.916	59.241
7.859	-40.005	27.077
32.621	-75.296	36.443
-22.011	-81.394	17.509
23.814	-89.005	-2.453
-22.119	-89.109	0.314
15.261	-90.200	-3.370
-18.894	-98.778	-1.143
21.352	-31.974	-21.705
-28.682	-55.568	-5.769
32.682	-50.491	54.436
-20.774	-57.670	48.961
-22.869	-82.517	44.378
34.647	-70.939	23.787
20.644	-98.541	-1.617
-22.928	-87.517	34.761
-8.279	-102.743	-12.084
45.077	-75.731	-11.617
-41.569	-63.989	-17.182
24.626	-41.129	-16.514
-21.248	-84.557	-23.497

// scherf2010
// Subjects=10
43.795	-43.900	-26.539
-40.552	-54.637	-20.209
54.824	-62.242	10.559
60.148	-50.322	12.844
53.768	-58.820	13.630
-66.183	-31.557	-8.467
-43.074	20.456	-39.860
-40.046	-59.271	43.741
0.015	63.833	21.805
-5.533	45.198	-12.255
9.894	51.228	50.628
23.844	26.648	48.068
6.591	61.183	42.025
1.377	42.718	51.440
34.049	63.467	0.255
-15.676	35.385	54.481
-17.940	41.746	40.591
-1.242	68.457	-0.873
36.611	7.464	32.803
-46.611	11.593	52.371
-50.367	30.040	-11.584
-35.304	-79.752	-42.697
28.962	-43.762	-9.652
-24.456	-47.254	-8.746
18.451	-88.151	-4.693
-3.945	-91.115	0.273
33.611	-77.204	25.440
-21.958	-84.138	23.314
23.194	-64.582	65.763
-7.807	-65.996	64.008
67.597	-12.154	24.055
63.240	10.026	22.245
-32.001	15.744	8.362
-40.596	34.983	10.193
45.041	-64.013	-11.484
-42.531	-69.483	-5.559
25.802	-65.272	-12.273
-24.418	-66.630	-11.582
8.879	-84.437	2.911
34.579	-82.626	10.271
-22.037	-88.253	11.393
38.055	-44.658	60.576
-30.328	-51.584	59.712
-57.270	-27.737	40.179
64.420	-15.174	26.575
-46.713	-30.101	22.412
-45.919	34.065	12.561

// szaflarski2006
// Subjects=29
33.004	25.252	-12.141
-52.180	-33.618	4.927
46.115	-28.799	3.394
-9.423	-2.470	18.552
-9.598	-13.070	-8.437
-47.930	18.876	22.780
20.758	-83.082	19.389
-26.045	-72.334	52.482
-4.964	17.044	50.320
-5.183	41.137	31.574

// vannest2012
// Subjects=15
-37.346	29.972	13.921
3.475	28.042	40.379
3.484	-20.197	22.120
-32.559	-42.679	51.185

