// Reference=MNI
// booth2001
// Subjects=5
-40.447	15.663	21.848
-50.047	-36.949	2.951
-17.936	-92.226	-12.855
39.671	-79.706	-21.258
-43.874	-55.855	-35.681
65.387	-29.399	7.684
-56.732	35.974	-3.087
-62.979	-21.678	-4.872
-43.886	-52.683	-35.947

// booth2003
// Subjects=15
-27.000	-84.000	-15.000
54.000	-66.000	0.000
-51.000	-21.000	-6.000
60.000	-6.000	-6.000

// booth2007
// Subjects=13
-42.000	33.000	-15.000
-60.000	-15.000	9.000
57.000	-15.000	6.000
-54.000	30.000	12.000
-42.000	-63.000	-18.000
36.000	-60.000	-18.000
-3.000	12.000	60.000
30.000	33.000	-12.000
-12.000	-12.000	12.000
-42.000	-57.000	9.000
-36.000	27.000	12.000
-51.000	-54.000	51.000
-48.000	3.000	-18.000
-48.000	12.000	15.000
-39.000	-27.000	42.000

// cao2008
// Subjects=13
-39.000	24.000	24.000
-39.000	-66.000	-18.000
33.000	-84.000	-12.000
-57.000	-39.000	6.000
24.000	-99.000	0.000
-6.000	21.000	54.000
-36.000	-6.000	-33.000
21.000	-69.000	6.000
36.000	27.000	-6.000

// chou2006a
// Subjects=35
-53.102	9.641	41.457
36.243	25.614	-7.747
-5.069	29.134	41.501
-40.587	-38.519	-18.214
4.656	-70.746	15.194
-21.256	-29.717	-2.447
-34.350	31.108	-12.973
36.206	28.529	-11.337
-5.046	22.789	42.033
-53.209	-41.998	6.757
17.479	-70.669	15.040
-22.871	-40.793	60.952
46.462	0.061	60.075
-56.369	-17.384	22.572
58.163	-3.726	51.337
-24.457	-26.392	-0.458
10.692	-18.578	-12.669
-30.376	-64.157	48.500
-30.601	23.578	54.527
-4.955	-33.395	31.131

// chou2006b
// Subjects=26
-56.418	-38.759	7.637
58.772	-11.775	-11.562
-37.503	28.345	-7.129
39.400	31.721	-11.641
-5.033	26.218	45.091
24.915	-65.594	11.184
-22.112	-70.362	8.778
-55.362	-37.781	6.428
60.909	-11.762	-11.587
36.255	22.442	-7.481
24.932	-65.423	13.400
-4.014	25.711	38.430
-28.815	-36.076	-15.209
-36.733	-60.338	57.174
40.165	-60.306	50.712
-4.778	-57.916	44.337
-30.642	23.150	48.988
33.450	29.878	47.687

// chou2009
// Subjects=33
-42.000	26.000	0.000
-48.000	21.000	12.000
-45.000	21.000	24.000
-6.000	24.000	42.000
-12.000	6.000	9.000
-63.000	-48.000	0.000
36.000	18.000	-3.000
-42.000	24.000	0.000
-48.000	24.000	10.000
-48.000	21.000	27.000
-3.000	9.000	63.000
-57.000	-48.000	3.000
33.000	21.000	0.000
-50.000	21.000	10.000
-48.000	24.000	-3.000
-9.000	9.000	9.000
-9.000	6.000	72.000
-60.000	-42.000	-3.000
-42.000	-3.000	54.000
-42.000	-66.000	36.000

// chou2019
// Subjects=16
-51.000	-61.000	31.000
-60.000	-64.000	19.000
3.000	38.000	34.000
-3.000	35.000	28.000
0.000	29.000	43.000

// fan2020
// Subjects=26
-54.000	20.000	-11.000
-3.000	8.000	58.000
-54.000	-40.000	1.000
-42.000	-73.000	-17.000

// lee2011aud
// Subjects=23
-48.000	30.000	-3.000
-48.000	21.000	9.000
-9.000	42.000	45.000
-63.000	-24.000	0.000
-3.000	30.000	-15.000
-9.000	0.000	27.000
-15.000	0.000	-3.000
30.000	9.000	-18.000
-48.000	27.000	0.000
-51.000	24.000	18.000
-9.000	48.000	45.000
18.000	-39.000	27.000
-6.000	39.000	21.000
-12.000	6.000	0.000
-63.000	-48.000	-6.000
-18.000	45.000	42.000
-48.000	39.000	3.000
6.000	-66.000	57.000
60.000	-57.000	-6.000
-36.000	-78.000	33.000
-51.000	-72.000	21.000

// lee2011vis
// Subjects=23
-42.000	27.000	0.000
-42.000	18.000	9.000
-6.000	9.000	63.000
-12.000	6.000	0.000
36.000	18.000	-3.000
-63.000	-48.000	0.000
-18.000	-48.000	-3.000
-42.000	27.000	0.000
-48.000	24.000	15.000
-48.000	18.000	27.000
-3.000	6.000	63.000
-6.000	36.000	48.000
-54.000	27.000	-3.000
-54.000	24.000	12.000
-12.000	9.000	9.000
-63.000	-36.000	-6.000

// lee2016
// Subjects=30
-48.000	26.000	-2.000
-48.000	23.000	10.000
-57.000	-43.000	4.000
-57.000	-47.000	25.000
30.000	23.000	1.000
-15.000	-4.000	13.000

// mathur2020
// Subjects=19
-48.000	32.000	3.000
53.000	19.000	21.000
-30.000	7.000	50.000
-8.000	16.000	55.000
-50.000	2.000	48.000
55.000	-9.000	56.000
-40.000	-44.000	-12.000
40.000	-28.000	-17.000
-27.000	-73.000	48.000
42.000	-66.000	28.000

// schafer2009
// Subjects=26
-19.386	-75.312	-55.520
-17.789	-99.486	3.365
5.189	10.483	-21.734
40.045	-32.984	46.192
10.472	49.438	-13.910
-48.816	-75.895	8.434
-4.850	9.442	62.108
25.000	1.191	49.075

// wong2019
// Subjects=38
48.000	-70.000	28.000
0.000	50.000	28.000
-6.000	-52.000	25.000
-30.000	14.000	13.000
-39.000	29.000	22.000
-45.000	-4.000	31.000
-42.000	-34.000	43.000
-54.000	-55.000	-2.000
-27.000	-52.000	73.000
-6.000	14.000	49.000
36.000	17.000	10.000
60.000	-49.000	16.000
48.000	-52.000	-2.000
-1.000	-52.000	16.000
-36.000	11.000	55.000
-39.000	47.000	1.000
0.000	23.000	52.000
-42.000	-58.000	46.000

// xue2004
// Subjects=12
-42.000	21.000	18.000
-45.000	24.000	10.000
-24.000	-12.000	42.000
27.000	-12.000	42.000
-27.000	-53.000	42.000
-39.000	-33.000	35.000
-39.000	-56.000	-10.000
-36.000	-65.000	-12.000
36.000	-56.000	-17.000
-15.000	-91.000	-8.000
33.000	-79.000	-8.000
-6.000	28.000	26.000
9.000	22.000	35.000
45.000	-16.000	20.000
-18.000	-9.000	-2.000
21.000	-6.000	-2.000
-15.000	-15.000	1.000
18.000	-15.000	-2.000


// nullstudy1
// Subjects=26
22.000	50.000	16.000
16.000	-48.000	-50.000
8.000	-86.000	44.000
-28.000	-28.000	2.000
-2.000	-36.000	20.000
40.000	-58.000	30.000
-2.000	4.000	-30.000
-50.000	38.000	8.000
14.000	40.000	-12.000
38.000	-76.000	-14.000
56.000	-40.000	26.000
-26.000	-38.000	-42.000
-8.000	-88.000	44.000
-10.000	-34.000	8.000
-66.000	-34.000	14.000
-48.000	-10.000	-40.000
30.000	-10.000	-44.000
-26.000	-32.000	24.000
-38.000	-44.000	-30.000
50.000	-10.000	2.000

// nullstudy2
// Subjects=26
8.000	-2.000	58.000
18.000	56.000	32.000
-12.000	-90.000	-38.000
8.000	-66.000	-4.000
8.000	-80.000	-44.000
10.000	26.000	-8.000

// nullstudy3
// Subjects=16
-56.000	-68.000	6.000
-10.000	-12.000	-10.000
-38.000	-38.000	52.000
26.000	-62.000	48.000
54.000	-68.000	24.000
14.000	-56.000	26.000
0.000	-16.000	58.000
20.000	42.000	20.000

// nullstudy4
// Subjects=13
-36.000	-48.000	32.000
54.000	-68.000	-2.000
60.000	-8.000	-32.000
18.000	-74.000	30.000
54.000	-50.000	50.000
54.000	-58.000	-20.000
26.000	2.000	-24.000
10.000	-58.000	-4.000
18.000	-76.000	-54.000
-14.000	-32.000	64.000

// nullstudy5
// Subjects=13
22.000	-52.000	60.000
14.000	-72.000	-54.000
36.000	-26.000	60.000
-22.000	-42.000	-20.000
-24.000	-66.000	54.000
-16.000	-80.000	8.000
-44.000	-64.000	-46.000
46.000	24.000	-6.000

// nullstudy6
// Subjects=13
10.000	-50.000	-28.000
6.000	-64.000	-36.000
46.000	-76.000	36.000
38.000	-44.000	10.000
40.000	-2.000	52.000
58.000	0.000	28.000
-52.000	-22.000	14.000
26.000	38.000	-12.000
-10.000	-52.000	8.000
50.000	-70.000	-14.000

// nullstudy7
// Subjects=26
30.000	42.000	6.000
36.000	-12.000	46.000
-26.000	-6.000	-38.000
-30.000	-68.000	-18.000
-30.000	-52.000	20.000
-14.000	-56.000	-38.000
-38.000	-78.000	26.000
38.000	-40.000	-44.000
52.000	-2.000	-6.000
42.000	2.000	-6.000
-2.000	-46.000	-36.000
-56.000	8.000	8.000
-24.000	-10.000	-12.000
44.000	-12.000	-28.000
-36.000	-80.000	-32.000
36.000	26.000	48.000
20.000	-62.000	-24.000
62.000	-26.000	-12.000
0.000	-78.000	-28.000
32.000	-46.000	-48.000
20.000	4.000	-44.000

// nullstudy8
// Subjects=23
46.000	-26.000	56.000
2.000	46.000	-4.000
22.000	-44.000	-2.000
-42.000	-64.000	-32.000
48.000	-72.000	4.000
-14.000	10.000	12.000
-26.000	-40.000	50.000
50.000	50.000	4.000
-14.000	54.000	-20.000
24.000	-58.000	-42.000
-10.000	-62.000	-20.000
42.000	-4.000	32.000
-20.000	-58.000	22.000
50.000	-32.000	4.000
22.000	12.000	42.000
8.000	-20.000	76.000
36.000	-88.000	-14.000
-30.000	-4.000	40.000

// nullstudy9
// Subjects=12
8.000	-78.000	20.000
-24.000	-72.000	-34.000
-20.000	50.000	32.000
-64.000	-46.000	0.000
22.000	42.000	4.000
28.000	-90.000	4.000
-16.000	2.000	-14.000
2.000	-50.000	-18.000
-58.000	16.000	12.000
24.000	38.000	12.000
14.000	-50.000	62.000
42.000	-30.000	28.000
-18.000	48.000	-14.000
38.000	-22.000	10.000
20.000	-80.000	-22.000
-10.000	10.000	-10.000
-40.000	-82.000	8.000
-52.000	-10.000	-8.000

// nullstudy10
// Subjects=26
8.000	44.000	40.000
-10.000	8.000	16.000
62.000	-10.000	2.000
10.000	-56.000	10.000
20.000	-66.000	28.000
-4.000	30.000	48.000
10.000	-20.000	-20.000
-12.000	-16.000	72.000
-22.000	-8.000	-24.000
-12.000	-84.000	-20.000
46.000	-30.000	-28.000
6.000	-38.000	-36.000
50.000	4.000	-16.000
-46.000	8.000	52.000
-16.000	24.000	-20.000

// nullstudy11
// Subjects=5
-30.000	-2.000	70.000
-28.000	-48.000	-46.000
-30.000	-20.000	54.000
14.000	-54.000	-24.000
2.000	26.000	62.000
-22.000	-52.000	68.000
10.000	52.000	42.000
-38.000	16.000	-24.000
18.000	-30.000	8.000
48.000	-16.000	20.000
-18.000	-12.000	28.000
18.000	26.000	-8.000
26.000	-82.000	22.000
2.000	-70.000	50.000
-6.000	-64.000	-50.000
-20.000	70.000	4.000
8.000	-28.000	66.000
40.000	-54.000	-48.000
-38.000	22.000	30.000
-14.000	-86.000	-44.000

// nullstudy12
// Subjects=13
-30.000	8.000	14.000
-26.000	-60.000	-8.000
-26.000	-42.000	68.000
38.000	-54.000	-22.000
30.000	46.000	38.000
-28.000	-48.000	-24.000
-8.000	-34.000	36.000
-26.000	64.000	-12.000
8.000	14.000	38.000

// nullstudy13
// Subjects=5
-30.000	-30.000	12.000
8.000	-70.000	26.000
48.000	52.000	-6.000
-24.000	4.000	-18.000
44.000	24.000	10.000
-38.000	-30.000	68.000

// nullstudy14
// Subjects=12
64.000	-2.000	10.000
10.000	-12.000	68.000
-38.000	-78.000	-24.000
-42.000	8.000	32.000

// nullstudy15
// Subjects=38
44.000	-76.000	-8.000
34.000	-40.000	34.000
24.000	64.000	0.000
26.000	-50.000	50.000

// nullstudy16
// Subjects=16
36.000	-84.000	20.000
50.000	-50.000	-2.000
-40.000	-18.000	8.000
20.000	-56.000	6.000
64.000	-38.000	24.000

// nullstudy17
// Subjects=30
14.000	-84.000	18.000
-66.000	-6.000	-14.000
36.000	-20.000	34.000
18.000	14.000	58.000
-34.000	-36.000	-28.000
46.000	-2.000	-2.000
34.000	-42.000	-44.000
42.000	44.000	28.000
-10.000	-76.000	24.000

// nullstudy18
// Subjects=38
28.000	48.000	28.000
20.000	-72.000	16.000
12.000	-104.000	10.000
12.000	-24.000	26.000
-38.000	-34.000	40.000
8.000	52.000	48.000
-28.000	-18.000	-34.000
-22.000	-12.000	22.000

// nullstudy19
// Subjects=5
44.000	-64.000	36.000
16.000	-4.000	8.000
-8.000	22.000	48.000
-8.000	-86.000	-20.000
44.000	-54.000	-14.000
44.000	-18.000	2.000
-4.000	-18.000	32.000
-30.000	-52.000	12.000
54.000	-66.000	24.000
-40.000	-62.000	-36.000
2.000	-58.000	40.000
28.000	22.000	12.000
16.000	0.000	36.000
-60.000	-48.000	-8.000
30.000	10.000	18.000
-36.000	-38.000	-26.000
60.000	-24.000	26.000
0.000	-62.000	20.000

// nullstudy20
// Subjects=35
14.000	-64.000	60.000
-20.000	-84.000	10.000
16.000	34.000	-2.000
40.000	58.000	6.000
-30.000	-18.000	56.000
32.000	10.000	50.000
34.000	-46.000	64.000
18.000	2.000	14.000
20.000	-28.000	6.000
-42.000	-86.000	12.000
-8.000	8.000	72.000
-54.000	-48.000	-34.000
48.000	-16.000	36.000
46.000	-48.000	24.000
36.000	-64.000	38.000
0.000	-42.000	36.000
-42.000	-58.000	8.000
48.000	0.000	2.000
-26.000	42.000	-10.000
22.000	30.000	2.000

// nullstudy21
// Subjects=13
50.000	-58.000	22.000
26.000	4.000	38.000
10.000	-62.000	18.000
-30.000	-68.000	6.000
66.000	-22.000	12.000
-30.000	12.000	0.000
10.000	-52.000	66.000
-42.000	-46.000	42.000
-26.000	-48.000	22.000
48.000	-2.000	-44.000
24.000	-44.000	-34.000
40.000	-12.000	28.000
10.000	-32.000	2.000
26.000	18.000	-28.000
2.000	58.000	38.000
46.000	14.000	18.000
-4.000	-36.000	42.000
68.000	-26.000	24.000

// nullstudy22
// Subjects=38
0.000	50.000	26.000
-18.000	-66.000	46.000
38.000	-44.000	-54.000
40.000	-18.000	-32.000
-38.000	-4.000	66.000
68.000	-28.000	4.000

// nullstudy23
// Subjects=15
-32.000	-44.000	-46.000
-40.000	14.000	-18.000
10.000	-56.000	36.000
-20.000	-82.000	-34.000
-20.000	6.000	14.000
-46.000	-62.000	44.000
-2.000	46.000	0.000
10.000	-54.000	28.000
20.000	-64.000	-32.000
-10.000	-54.000	-62.000
-32.000	-12.000	64.000
-2.000	-54.000	24.000
20.000	-16.000	46.000
-10.000	12.000	-20.000
44.000	-66.000	-40.000
-26.000	-56.000	-20.000
-26.000	-76.000	-6.000
14.000	-90.000	40.000
-20.000	-62.000	-28.000
10.000	-62.000	54.000
-50.000	22.000	0.000

// nullstudy24
// Subjects=15
40.000	-38.000	12.000
-30.000	-40.000	-56.000
-30.000	-76.000	-18.000
20.000	20.000	4.000
32.000	-2.000	10.000
-26.000	30.000	-22.000
28.000	-16.000	12.000
-4.000	-42.000	-62.000
-2.000	-48.000	-48.000
0.000	-60.000	54.000

// nullstudy25
// Subjects=35
-48.000	-14.000	46.000
-6.000	60.000	2.000
50.000	14.000	-26.000
28.000	-50.000	-2.000
36.000	-14.000	-20.000
10.000	-14.000	-14.000
-22.000	-40.000	-30.000
22.000	-66.000	-18.000
40.000	0.000	-30.000

// nullstudy26
// Subjects=33
-56.000	-62.000	36.000
-36.000	26.000	38.000
2.000	18.000	32.000
28.000	-10.000	74.000
-34.000	56.000	-10.000
-24.000	-22.000	30.000
-30.000	48.000	-18.000
-8.000	-68.000	22.000
38.000	28.000	0.000
2.000	-58.000	-32.000
-18.000	-50.000	0.000
56.000	-4.000	-22.000
24.000	-40.000	-8.000
26.000	50.000	40.000
4.000	-38.000	-28.000
4.000	-2.000	74.000
32.000	-56.000	-4.000
-10.000	8.000	-12.000
2.000	2.000	34.000
12.000	-44.000	-14.000

// nullstudy27
// Subjects=26
-8.000	-20.000	54.000
-48.000	-6.000	-8.000
-14.000	26.000	28.000
36.000	28.000	-22.000
-30.000	-56.000	40.000
-46.000	-24.000	38.000
4.000	52.000	-24.000
-46.000	-30.000	46.000
-20.000	-70.000	4.000

// nullstudy28
// Subjects=13
-34.000	-62.000	-50.000
54.000	-48.000	50.000
-4.000	-38.000	-52.000
-14.000	-40.000	-58.000
-56.000	-52.000	34.000
46.000	24.000	-28.000
-46.000	-54.000	32.000
-14.000	26.000	28.000
16.000	-88.000	18.000
40.000	22.000	-26.000
42.000	28.000	-6.000
-4.000	-48.000	22.000
-14.000	32.000	58.000
32.000	-10.000	28.000
30.000	48.000	36.000
-8.000	-72.000	-4.000
10.000	4.000	64.000
-34.000	-66.000	-22.000
-4.000	22.000	66.000
-12.000	-46.000	48.000

// nullstudy29
// Subjects=26
-28.000	58.000	28.000
4.000	-42.000	-64.000
14.000	68.000	6.000
-46.000	-50.000	24.000
0.000	-32.000	-24.000
-12.000	-80.000	-4.000
-26.000	-16.000	-22.000
12.000	34.000	32.000
-40.000	-18.000	22.000
42.000	-66.000	32.000
-6.000	-50.000	-12.000
-24.000	-62.000	48.000
20.000	48.000	16.000
40.000	62.000	-2.000
-32.000	8.000	54.000
46.000	30.000	34.000
-28.000	-20.000	50.000
4.000	36.000	-6.000
24.000	-16.000	6.000
-22.000	-44.000	22.000

// nullstudy30
// Subjects=26
-18.000	40.000	38.000
-52.000	-16.000	-18.000
22.000	-22.000	38.000
-50.000	22.000	-6.000
-50.000	-56.000	-24.000
8.000	-86.000	14.000
12.000	22.000	-26.000
16.000	-54.000	76.000
34.000	-26.000	-22.000
-18.000	-62.000	-20.000
-26.000	-74.000	40.000
-40.000	18.000	0.000
-36.000	-60.000	30.000
58.000	12.000	-22.000
26.000	-66.000	-12.000
-12.000	-74.000	-54.000
6.000	-40.000	-52.000
34.000	-86.000	-10.000
46.000	12.000	-26.000
-20.000	-46.000	-8.000

// nullstudy31
// Subjects=26
-52.000	-16.000	-2.000
26.000	-46.000	-38.000
-48.000	-48.000	-30.000
32.000	-86.000	-24.000
-6.000	-20.000	68.000
24.000	20.000	64.000
46.000	-2.000	-12.000
-16.000	48.000	10.000
22.000	42.000	42.000

// nullstudy32
// Subjects=13
-26.000	8.000	26.000
-8.000	-68.000	58.000
-10.000	-42.000	10.000
20.000	50.000	18.000
8.000	-14.000	68.000
-32.000	0.000	-18.000
-18.000	-46.000	-56.000
56.000	-58.000	-18.000
54.000	26.000	18.000
-14.000	24.000	24.000
20.000	10.000	50.000
-6.000	2.000	-16.000
-28.000	-82.000	-12.000
56.000	14.000	26.000
-16.000	66.000	8.000
-64.000	-22.000	34.000
-4.000	-70.000	-38.000
50.000	12.000	20.000

// nullstudy33
// Subjects=35
10.000	-90.000	-38.000
-8.000	-40.000	60.000
10.000	58.000	-12.000
-10.000	44.000	18.000
-36.000	-56.000	36.000
36.000	26.000	48.000
-62.000	-36.000	-8.000
-10.000	-12.000	-6.000
52.000	-32.000	42.000

// nullstudy34
// Subjects=38
-18.000	-8.000	58.000
-4.000	-14.000	34.000
46.000	-62.000	-30.000
36.000	-10.000	-36.000
-6.000	-106.000	2.000
-42.000	-72.000	-34.000
-40.000	-12.000	-38.000
26.000	6.000	-40.000
20.000	50.000	-6.000
42.000	32.000	-18.000
-6.000	-78.000	14.000
4.000	64.000	-4.000
-22.000	-38.000	-32.000
16.000	-88.000	-6.000
-14.000	-88.000	-18.000
-14.000	-48.000	66.000
-18.000	6.000	-18.000
-8.000	4.000	62.000

// nullstudy35
// Subjects=26
-18.000	-20.000	48.000
-12.000	-90.000	6.000
-24.000	12.000	-10.000
-14.000	58.000	10.000
50.000	10.000	-40.000
28.000	-18.000	70.000
50.000	-6.000	-44.000
-44.000	8.000	-20.000
-16.000	6.000	-2.000
18.000	-24.000	42.000
16.000	-58.000	-38.000
-36.000	-70.000	12.000
-38.000	-48.000	-42.000
52.000	-4.000	14.000
-10.000	-22.000	24.000
-30.000	-48.000	-10.000

// nullstudy36
// Subjects=5
38.000	36.000	14.000
-18.000	-84.000	-32.000
-56.000	30.000	16.000
12.000	-54.000	26.000
30.000	-42.000	-8.000
-28.000	-88.000	-16.000
24.000	-72.000	26.000
-16.000	26.000	34.000
-26.000	-10.000	38.000

// nullstudy37
// Subjects=26
24.000	-10.000	2.000
-26.000	-68.000	6.000
-38.000	-72.000	-10.000
56.000	4.000	-24.000
-26.000	-30.000	46.000
-38.000	-46.000	-12.000
32.000	-68.000	36.000
20.000	-34.000	-22.000
-8.000	-82.000	-48.000
-18.000	-76.000	-36.000
-18.000	-50.000	48.000
-40.000	-34.000	26.000
66.000	-56.000	4.000
10.000	-66.000	-46.000
-20.000	12.000	18.000
-16.000	-26.000	-14.000
20.000	-20.000	-4.000
24.000	38.000	24.000

// nullstudy38
// Subjects=26
60.000	10.000	24.000
18.000	12.000	-42.000
-20.000	-100.000	16.000
-2.000	-56.000	14.000
-24.000	-38.000	-44.000
12.000	-28.000	-30.000
-54.000	-32.000	-4.000
-14.000	30.000	60.000
-2.000	-46.000	-48.000
20.000	-12.000	30.000

// nullstudy39
// Subjects=23
18.000	-46.000	2.000
-10.000	32.000	-14.000
-4.000	56.000	-6.000
30.000	-62.000	-34.000
-32.000	20.000	8.000
-30.000	34.000	2.000
36.000	36.000	-18.000
14.000	4.000	-20.000
-6.000	68.000	-4.000

// nullstudy40
// Subjects=23
-2.000	26.000	16.000
50.000	-4.000	-18.000
68.000	-34.000	14.000
-50.000	-20.000	36.000
-16.000	0.000	64.000
-14.000	-88.000	-10.000
6.000	-42.000	8.000
38.000	-58.000	36.000
68.000	-42.000	28.000
40.000	12.000	46.000
58.000	-30.000	-18.000
38.000	-70.000	-22.000
-22.000	22.000	14.000
-16.000	-12.000	42.000
-58.000	-10.000	22.000
10.000	-50.000	-28.000
-20.000	22.000	24.000
60.000	-8.000	-6.000

// nullstudy41
// Subjects=15
16.000	-70.000	38.000
14.000	-76.000	-22.000
6.000	-78.000	-26.000
-24.000	-8.000	-46.000
-20.000	2.000	0.000
-32.000	-52.000	-18.000
-22.000	6.000	60.000
-46.000	-52.000	6.000
42.000	-4.000	42.000
-26.000	-14.000	34.000
-18.000	-42.000	-30.000
42.000	-18.000	-22.000
-24.000	-68.000	-58.000
0.000	64.000	-2.000
-10.000	-48.000	-16.000

// nullstudy42
// Subjects=12
34.000	-62.000	22.000
-10.000	-18.000	58.000
-22.000	-10.000	-20.000
58.000	4.000	16.000

// nullstudy43
// Subjects=23
-30.000	-22.000	-8.000
-8.000	-6.000	72.000
-8.000	-52.000	-50.000
-40.000	6.000	52.000
-8.000	-38.000	22.000
-22.000	-6.000	50.000
40.000	-32.000	56.000
20.000	-70.000	-54.000
14.000	-14.000	-10.000
-18.000	30.000	-20.000
38.000	2.000	22.000
2.000	-92.000	14.000
40.000	-12.000	-6.000
-12.000	-74.000	-18.000
44.000	-6.000	-12.000
56.000	30.000	14.000
22.000	-38.000	-26.000
50.000	-64.000	12.000

// nullstudy44
// Subjects=33
-36.000	62.000	8.000
-16.000	-36.000	10.000
-2.000	-54.000	-28.000
-60.000	8.000	20.000
4.000	-90.000	-12.000
-54.000	-20.000	-2.000
-16.000	-14.000	50.000
-10.000	-90.000	-4.000
6.000	-8.000	6.000

// nullstudy45
// Subjects=13
-40.000	-76.000	-8.000
0.000	46.000	6.000
6.000	60.000	-16.000
-8.000	-38.000	34.000
-24.000	-4.000	18.000
-48.000	-48.000	28.000
-24.000	-24.000	44.000
14.000	0.000	58.000
50.000	-8.000	28.000
12.000	-24.000	22.000
62.000	-50.000	-18.000
6.000	58.000	6.000
4.000	-4.000	-34.000
-4.000	-2.000	14.000
-4.000	20.000	-10.000
18.000	-40.000	80.000
26.000	28.000	28.000
-22.000	-26.000	-24.000
-14.000	-102.000	2.000
-4.000	32.000	-4.000

// nullstudy46
// Subjects=16
6.000	-68.000	14.000
-28.000	-26.000	-26.000
60.000	-12.000	-16.000
28.000	-72.000	22.000
-44.000	6.000	2.000
14.000	-54.000	-60.000
14.000	-4.000	-30.000
-52.000	-8.000	-6.000
24.000	-44.000	-48.000
18.000	-50.000	-38.000
38.000	-20.000	54.000
28.000	-64.000	54.000
6.000	-50.000	0.000
10.000	56.000	-16.000
32.000	6.000	12.000
32.000	6.000	-36.000
6.000	-66.000	-54.000
32.000	-40.000	74.000

// nullstudy47
// Subjects=13
2.000	-42.000	30.000
-36.000	18.000	-38.000
-12.000	-28.000	52.000
34.000	-78.000	40.000
-42.000	-34.000	-16.000
-28.000	-54.000	-48.000
-64.000	-32.000	30.000
-40.000	-32.000	-24.000
-26.000	-68.000	-20.000
-6.000	-14.000	-22.000
-40.000	-26.000	40.000
-34.000	12.000	22.000
-50.000	-16.000	0.000
-26.000	-94.000	22.000
30.000	18.000	-34.000
-34.000	-46.000	-6.000

// nullstudy48
// Subjects=19
50.000	-24.000	18.000
4.000	4.000	58.000
-12.000	-42.000	-10.000
-30.000	-82.000	-12.000
36.000	42.000	-14.000
4.000	0.000	66.000
-16.000	50.000	20.000
24.000	-44.000	28.000
14.000	-12.000	-14.000
34.000	2.000	-14.000

// nullstudy49
// Subjects=35
8.000	-36.000	62.000
50.000	-62.000	8.000
2.000	8.000	48.000
44.000	-10.000	8.000
-56.000	4.000	32.000
-28.000	-84.000	4.000
44.000	-44.000	-36.000
48.000	22.000	32.000
8.000	-54.000	20.000
-4.000	54.000	4.000
-40.000	18.000	-14.000
12.000	-12.000	30.000
22.000	-60.000	68.000
-30.000	-62.000	18.000
24.000	0.000	52.000
-6.000	-30.000	38.000
-10.000	-58.000	56.000
40.000	16.000	0.000

// nullstudy50
// Subjects=16
6.000	-18.000	20.000
46.000	-48.000	-22.000
56.000	-32.000	-6.000
-44.000	20.000	34.000
-38.000	-10.000	22.000
-18.000	58.000	34.000
56.000	4.000	-4.000
-42.000	-48.000	16.000
12.000	-68.000	4.000
60.000	-60.000	-4.000
-6.000	10.000	70.000
-18.000	-12.000	30.000
-4.000	-86.000	22.000
28.000	-30.000	72.000
-30.000	34.000	-6.000
-64.000	-58.000	12.000
38.000	-68.000	-56.000
-46.000	4.000	-24.000
-30.000	-36.000	46.000
-2.000	-50.000	-68.000

// nullstudy51
// Subjects=23
-22.000	24.000	-24.000
38.000	-50.000	-18.000
-48.000	-16.000	2.000
-20.000	26.000	-10.000
-38.000	-4.000	-6.000
-12.000	-12.000	32.000
52.000	-62.000	26.000
24.000	-90.000	-36.000
14.000	8.000	0.000

// nullstudy52
// Subjects=30
-20.000	-74.000	56.000
22.000	-26.000	-10.000
16.000	-94.000	14.000
-58.000	-52.000	30.000
22.000	6.000	10.000
-26.000	-32.000	-32.000
60.000	-52.000	-18.000
60.000	-34.000	14.000
-22.000	50.000	-2.000

// nullstudy53
// Subjects=19
-46.000	12.000	14.000
-20.000	-38.000	22.000
28.000	-32.000	58.000
8.000	32.000	16.000
46.000	26.000	40.000
-48.000	-6.000	-30.000
-22.000	-72.000	38.000
-6.000	70.000	16.000
-32.000	-26.000	-14.000
-12.000	-54.000	-40.000
-52.000	-24.000	28.000
6.000	-24.000	2.000
-30.000	6.000	-42.000
18.000	-54.000	-30.000
-6.000	-80.000	8.000
40.000	-42.000	12.000
64.000	-58.000	-10.000
22.000	-28.000	54.000

// nullstudy54
// Subjects=12
30.000	2.000	-18.000
4.000	-50.000	56.000
4.000	-84.000	40.000
-34.000	-34.000	-8.000
2.000	-74.000	-40.000
-4.000	-60.000	-32.000

// nullstudy55
// Subjects=33
24.000	-62.000	62.000
-46.000	-48.000	-36.000
52.000	-30.000	-18.000
46.000	-8.000	56.000
34.000	-22.000	-28.000
46.000	-12.000	14.000
42.000	-70.000	26.000
38.000	-78.000	-20.000
-18.000	-40.000	-56.000
-54.000	-32.000	8.000
28.000	-32.000	28.000
-20.000	-32.000	62.000
42.000	-32.000	20.000
-50.000	-64.000	42.000
62.000	6.000	10.000
-34.000	24.000	-38.000
-38.000	-46.000	-46.000
30.000	-48.000	54.000

// nullstudy56
// Subjects=23
38.000	-72.000	-4.000
44.000	18.000	46.000
18.000	-68.000	60.000
-18.000	-26.000	74.000
44.000	-2.000	-24.000
-12.000	10.000	-22.000
-2.000	-84.000	-28.000
-20.000	-72.000	-56.000
4.000	-18.000	66.000
60.000	-2.000	36.000
-38.000	-68.000	40.000
-18.000	30.000	46.000
22.000	42.000	28.000
-22.000	2.000	54.000
16.000	32.000	-26.000
-24.000	-16.000	-20.000
-34.000	2.000	0.000
8.000	-40.000	24.000

// nullstudy57
// Subjects=19
4.000	-26.000	72.000
-10.000	-34.000	-28.000
-12.000	-92.000	-14.000
-30.000	-24.000	-16.000
32.000	14.000	-10.000
50.000	-22.000	48.000
12.000	34.000	56.000
58.000	-44.000	-20.000
42.000	-46.000	-2.000
20.000	60.000	6.000
26.000	8.000	-36.000
8.000	14.000	30.000
-34.000	0.000	0.000
38.000	62.000	-12.000
40.000	-76.000	-6.000
12.000	54.000	12.000
44.000	-68.000	-8.000
-42.000	36.000	14.000
-34.000	-2.000	-28.000
-8.000	-54.000	46.000
-6.000	44.000	-24.000

// nullstudy58
// Subjects=13
-16.000	60.000	-2.000
-6.000	-42.000	30.000
52.000	0.000	20.000
8.000	-58.000	26.000
14.000	-30.000	-12.000
-26.000	30.000	-10.000
-2.000	6.000	34.000
-22.000	-12.000	54.000
-64.000	-36.000	22.000
-52.000	-18.000	-16.000
-46.000	-82.000	-18.000
40.000	24.000	-10.000
-52.000	-50.000	56.000
28.000	-38.000	56.000
12.000	-38.000	-46.000
48.000	-78.000	14.000
-46.000	10.000	50.000
-44.000	40.000	26.000
34.000	-34.000	52.000
-38.000	-56.000	24.000

// nullstudy59
// Subjects=33
-44.000	30.000	20.000
30.000	4.000	68.000
-50.000	18.000	-22.000
6.000	-44.000	54.000
-26.000	-74.000	-36.000
34.000	-80.000	46.000
-40.000	36.000	-2.000
46.000	22.000	32.000
-22.000	-18.000	-4.000
-60.000	-50.000	38.000
8.000	-74.000	-12.000
-28.000	6.000	12.000
-34.000	26.000	34.000
32.000	-86.000	26.000
-30.000	62.000	8.000
-8.000	-90.000	-12.000
8.000	-44.000	28.000
-30.000	-26.000	2.000

// nullstudy60
// Subjects=35
54.000	6.000	-10.000
-20.000	-76.000	-8.000
-54.000	-34.000	-20.000
44.000	6.000	46.000
-32.000	22.000	-10.000
-48.000	-76.000	-14.000
-44.000	-72.000	42.000
-26.000	-92.000	8.000
38.000	-38.000	-26.000
-12.000	-90.000	-38.000
32.000	-94.000	-2.000
-12.000	-2.000	52.000
-8.000	-38.000	-18.000
-48.000	-66.000	-24.000
26.000	-20.000	30.000
-36.000	-28.000	8.000

// nullstudy61
// Subjects=30
-10.000	42.000	-2.000
24.000	-16.000	-6.000
4.000	-4.000	-34.000
44.000	-50.000	36.000
-54.000	36.000	-6.000
20.000	6.000	-6.000
-32.000	-6.000	-44.000
-6.000	-82.000	22.000
-4.000	46.000	-14.000

// nullstudy62
// Subjects=26
-24.000	-100.000	10.000
0.000	-42.000	-54.000
-34.000	-30.000	-18.000
30.000	-66.000	50.000
14.000	6.000	12.000
28.000	24.000	-20.000
-32.000	-54.000	-34.000
32.000	-50.000	46.000
6.000	-24.000	6.000

// nullstudy63
// Subjects=26
-18.000	2.000	62.000
24.000	-64.000	8.000
-18.000	-20.000	-16.000
-30.000	-60.000	-40.000
-20.000	40.000	14.000
-44.000	28.000	30.000
-38.000	-46.000	8.000
30.000	2.000	-12.000
6.000	-44.000	54.000
-54.000	-2.000	-36.000
20.000	-32.000	14.000
-20.000	-72.000	56.000
-42.000	28.000	20.000
2.000	-70.000	42.000
38.000	8.000	18.000
22.000	16.000	-38.000
-36.000	38.000	-10.000
62.000	-40.000	18.000

// nullstudy64
// Subjects=38
-38.000	-66.000	-16.000
-50.000	-60.000	26.000
-22.000	-10.000	36.000
-12.000	26.000	-22.000
-2.000	26.000	-2.000
-24.000	-96.000	-10.000
-38.000	-16.000	-28.000
34.000	-12.000	-44.000
-50.000	-82.000	-4.000
-22.000	-14.000	76.000
0.000	-28.000	-12.000
26.000	-88.000	10.000
20.000	-90.000	10.000
26.000	-28.000	52.000
38.000	-56.000	-40.000
26.000	-94.000	24.000
26.000	-42.000	58.000
6.000	-8.000	64.000

// nullstudy65
// Subjects=23
-24.000	-62.000	24.000
-54.000	0.000	-22.000
-18.000	-92.000	4.000
16.000	-30.000	8.000
-54.000	-64.000	-22.000
26.000	64.000	-12.000

// nullstudy66
// Subjects=30
30.000	36.000	30.000
16.000	2.000	2.000
-46.000	14.000	-28.000
52.000	12.000	-32.000

// nullstudy67
// Subjects=26
36.000	-10.000	-18.000
22.000	56.000	-10.000
0.000	8.000	34.000
-4.000	52.000	26.000
8.000	44.000	0.000
-24.000	-42.000	-34.000
8.000	-18.000	-22.000
-32.000	-44.000	-34.000
-8.000	-62.000	-8.000
18.000	-6.000	68.000
50.000	-52.000	52.000
30.000	30.000	-18.000
40.000	-2.000	42.000
-16.000	58.000	28.000
2.000	-58.000	52.000
-26.000	-32.000	26.000
22.000	-16.000	36.000
18.000	12.000	48.000

// nullstudy68
// Subjects=15
-12.000	34.000	-24.000
24.000	-38.000	-36.000
14.000	-32.000	60.000
40.000	-46.000	-48.000
18.000	34.000	52.000
42.000	-10.000	8.000
-6.000	36.000	-10.000
14.000	-22.000	28.000
20.000	-80.000	32.000
8.000	0.000	-10.000
20.000	10.000	-20.000
20.000	-80.000	18.000
-20.000	10.000	-10.000
24.000	-42.000	28.000
54.000	12.000	24.000
40.000	16.000	-24.000
-68.000	-46.000	0.000
-4.000	-62.000	4.000

// nullstudy69
// Subjects=23
-38.000	34.000	14.000
-20.000	6.000	42.000
32.000	-42.000	-4.000
30.000	56.000	-8.000
-14.000	-6.000	-22.000
-24.000	-68.000	-22.000
-62.000	-36.000	16.000
-4.000	44.000	0.000
-34.000	-66.000	-24.000
32.000	-74.000	-26.000
-28.000	-26.000	60.000
26.000	-36.000	-38.000
-16.000	-86.000	4.000
46.000	38.000	-16.000
22.000	-22.000	10.000
-44.000	12.000	-4.000
22.000	-14.000	74.000
24.000	-64.000	-60.000

// nullstudy70
// Subjects=23
-28.000	10.000	54.000
40.000	-50.000	22.000
0.000	26.000	60.000
2.000	-44.000	-40.000
-22.000	-2.000	-12.000
-6.000	-88.000	32.000

// nullstudy71
// Subjects=16
4.000	64.000	6.000
60.000	-26.000	-10.000
36.000	44.000	10.000
-30.000	52.000	20.000
-2.000	-16.000	40.000

// nullstudy72
// Subjects=33
4.000	-50.000	12.000
-34.000	30.000	30.000
-22.000	-78.000	8.000
18.000	20.000	-20.000
0.000	-74.000	50.000
34.000	-22.000	66.000
58.000	-42.000	50.000
48.000	-54.000	-10.000
-32.000	-12.000	-10.000
-16.000	-76.000	-42.000
50.000	-48.000	-30.000
22.000	-38.000	54.000
-22.000	-42.000	-30.000
-22.000	-86.000	-30.000
38.000	-70.000	-46.000
-38.000	-24.000	-10.000
4.000	44.000	30.000
-8.000	-52.000	18.000

// nullstudy73
// Subjects=26
-14.000	-78.000	-8.000
4.000	-64.000	-18.000
-26.000	-34.000	-22.000
6.000	2.000	62.000
40.000	-60.000	-30.000
12.000	60.000	32.000
32.000	-90.000	22.000
0.000	6.000	60.000

// nullstudy74
// Subjects=33
8.000	14.000	36.000
54.000	-14.000	50.000
42.000	-76.000	-8.000
-34.000	38.000	44.000

// nullstudy75
// Subjects=38
-64.000	-32.000	-20.000
-18.000	22.000	-8.000
30.000	-42.000	-34.000
44.000	24.000	0.000
-8.000	-66.000	-34.000
-42.000	-56.000	-20.000
-20.000	-26.000	16.000
-24.000	-20.000	16.000
22.000	-36.000	-6.000
62.000	10.000	2.000
12.000	-30.000	-16.000
-2.000	68.000	14.000
0.000	-54.000	-40.000
-42.000	20.000	34.000
-26.000	-80.000	2.000
-48.000	-6.000	40.000
28.000	46.000	-14.000
-30.000	-56.000	48.000
20.000	-70.000	-34.000
42.000	18.000	12.000
10.000	38.000	18.000

// nullstudy76
// Subjects=12
-36.000	-10.000	18.000
-6.000	-8.000	-14.000
16.000	0.000	38.000
16.000	-50.000	-20.000
-30.000	-76.000	28.000
16.000	-12.000	72.000
-32.000	16.000	-22.000
20.000	-20.000	66.000
22.000	66.000	14.000

// nullstudy77
// Subjects=16
52.000	-34.000	8.000
30.000	10.000	8.000
-36.000	12.000	-22.000
-18.000	-14.000	20.000

// nullstudy78
// Subjects=23
50.000	48.000	0.000
26.000	-50.000	38.000
-28.000	-6.000	-48.000
-30.000	10.000	32.000
-4.000	-84.000	-12.000
-52.000	-48.000	18.000

// nullstudy79
// Subjects=19
-16.000	-20.000	-34.000
40.000	-14.000	2.000
8.000	-10.000	0.000
-36.000	26.000	22.000
26.000	-38.000	48.000
-44.000	-76.000	16.000
34.000	-16.000	12.000
-14.000	28.000	32.000
20.000	-60.000	-24.000
-14.000	-36.000	-48.000
-34.000	16.000	36.000
62.000	-8.000	18.000
-42.000	-4.000	-28.000
50.000	-6.000	0.000
32.000	-64.000	18.000
14.000	-52.000	22.000
-38.000	34.000	8.000
36.000	-82.000	24.000

// nullstudy80
// Subjects=33
-14.000	12.000	52.000
10.000	6.000	-30.000
-16.000	-100.000	16.000
38.000	22.000	48.000
-16.000	-58.000	50.000
30.000	-38.000	6.000
-50.000	-52.000	-44.000
6.000	-20.000	-2.000
